0.60000 0.65000 1.45000 1.50000 0.00000 3.00000 1.00000
0.75000 0.80000 1.45000 1.50000 0.00000 3.00000 1.00000
0.80000 0.85000 1.45000 1.50000 0.00000 3.00000 1.00000
0.85000 0.90000 1.45000 1.50000 0.00000 3.00000 0.00000
0.90000 0.95000 1.45000 1.50000 0.00000 3.00000 0.00000
0.95000 1.00000 1.45000 1.50000 0.00000 3.00000 0.00000
0.45000 0.50000 1.60000 1.65000 0.00000 3.00000 1.00000
0.60000 0.65000 1.60000 1.65000 0.00000 3.00000 1.00000
0.75000 0.80000 1.60000 1.65000 0.00000 3.00000 1.00000
0.80000 0.85000 1.60000 1.65000 0.00000 3.00000 1.00000
0.85000 0.90000 1.60000 1.65000 0.00000 3.00000 0.00000
0.90000 0.95000 1.60000 1.65000 0.00000 3.00000 1.00000
0.95000 1.00000 1.60000 1.65000 0.00000 3.00000 0.00000
0.45000 0.50000 1.75000 1.80000 0.00000 3.00000 1.00000
0.60000 0.65000 1.75000 1.80000 0.00000 3.00000 1.00000
0.75000 0.80000 1.75000 1.80000 0.00000 3.00000 1.00000
0.80000 0.85000 1.75000 1.80000 0.00000 3.00000 0.00000
0.85000 0.90000 1.75000 1.80000 0.00000 3.00000 1.00000
0.90000 0.95000 1.75000 1.80000 0.00000 3.00000 0.00000
0.95000 1.00000 1.75000 1.80000 0.00000 3.00000 0.00000
0.45000 0.50000 1.80000 1.85000 0.00000 3.00000 1.00000
0.60000 0.65000 1.80000 1.85000 0.00000 3.00000 1.00000
0.75000 0.80000 1.80000 1.85000 0.00000 3.00000 1.00000
0.80000 0.85000 1.80000 1.85000 0.00000 3.00000 0.00000
0.85000 0.90000 1.80000 1.85000 0.00000 3.00000 0.00000
0.90000 0.95000 1.80000 1.85000 0.00000 3.00000 0.00000
0.95000 1.00000 1.80000 1.85000 0.00000 3.00000 0.00000
0.45000 0.50000 1.85000 1.90000 0.00000 3.00000 1.00000
0.60000 0.65000 1.85000 1.90000 0.00000 3.00000 1.00000
0.75000 0.80000 1.85000 1.90000 0.00000 3.00000 1.00000
0.85000 0.90000 1.85000 1.90000 0.00000 3.00000 0.00000
0.90000 0.95000 1.85000 1.90000 0.00000 3.00000 0.00000
0.95000 1.00000 1.85000 1.90000 0.00000 3.00000 0.00000
0.45000 0.50000 1.90000 1.95000 0.00000 3.00000 1.00000
0.60000 0.65000 1.90000 1.95000 0.00000 3.00000 1.00000
0.75000 0.80000 1.90000 1.95000 0.00000 3.00000 1.00000
0.80000 0.85000 1.90000 1.95000 0.00000 3.00000 0.00000
0.85000 0.90000 1.90000 1.95000 0.00000 3.00000 0.00000
0.90000 0.95000 1.90000 1.95000 0.00000 3.00000 0.00000
0.95000 1.00000 1.90000 1.95000 0.00000 3.00000 0.00000
0.45000 0.50000 1.95000 2.00000 0.00000 3.00000 2.00000
0.60000 0.65000 1.95000 2.00000 0.00000 3.00000 1.00000
0.75000 0.80000 1.95000 2.00000 0.00000 3.00000 1.00000
0.80000 0.85000 1.95000 2.00000 0.00000 3.00000 1.00000
0.85000 0.90000 1.95000 2.00000 0.00000 3.00000 1.00000
0.90000 0.95000 1.95000 2.00000 0.00000 3.00000 1.00000
0.95000 1.00000 1.95000 2.00000 0.00000 3.00000 1.00000
0.00000 0.05000 1.45000 1.50000 0.00000 3.00000 1.00000
0.05000 0.10000 1.45000 1.50000 0.00000 3.00000 1.00000
0.10000 0.15000 1.45000 1.50000 0.00000 3.00000 1.00000
0.15000 0.20000 1.45000 1.50000 0.00000 3.00000 1.00000
0.20000 0.25000 1.45000 1.50000 0.00000 3.00000 1.00000
0.35000 0.40000 1.45000 1.50000 0.00000 3.00000 1.00000
0.00000 0.05000 1.60000 1.65000 0.00000 3.00000 1.00000
0.05000 0.10000 1.60000 1.65000 0.00000 3.00000 1.00000
0.10000 0.15000 1.60000 1.65000 0.00000 3.00000 1.00000
0.15000 0.20000 1.60000 1.65000 0.00000 3.00000 1.00000
0.20000 0.25000 1.60000 1.65000 0.00000 3.00000 1.00000
0.35000 0.40000 1.60000 1.65000 0.00000 3.00000 1.00000
0.50000 0.55000 1.60000 1.65000 0.00000 3.00000 1.00000
0.00000 0.05000 1.75000 1.80000 0.00000 3.00000 1.00000
0.05000 0.10000 1.75000 1.80000 0.00000 3.00000 1.00000
0.10000 0.15000 1.75000 1.80000 0.00000 3.00000 1.00000
0.15000 0.20000 1.75000 1.80000 0.00000 3.00000 1.00000
0.20000 0.25000 1.75000 1.80000 0.00000 3.00000 1.00000
0.35000 0.40000 1.75000 1.80000 0.00000 3.00000 1.00000
0.50000 0.55000 1.75000 1.80000 0.00000 3.00000 1.00000
0.00000 0.05000 1.80000 1.85000 0.00000 3.00000 1.00000
0.05000 0.10000 1.80000 1.85000 0.00000 3.00000 1.00000
0.10000 0.15000 1.80000 1.85000 0.00000 3.00000 1.00000
0.15000 0.20000 1.80000 1.85000 0.00000 3.00000 1.00000
0.20000 0.25000 1.80000 1.85000 0.00000 3.00000 1.00000
0.35000 0.40000 1.80000 1.85000 0.00000 3.00000 1.00000
0.50000 0.55000 1.80000 1.85000 0.00000 3.00000 1.00000
0.00000 0.05000 1.85000 1.90000 0.00000 3.00000 1.00000
0.05000 0.10000 1.85000 1.90000 0.00000 3.00000 1.00000
0.10000 0.15000 1.85000 1.90000 0.00000 3.00000 1.00000
0.20000 0.25000 1.85000 1.90000 0.00000 3.00000 1.00000
0.35000 0.40000 1.85000 1.90000 0.00000 3.00000 1.00000
0.50000 0.55000 1.85000 1.90000 0.00000 3.00000 1.00000
0.00000 0.05000 1.90000 1.95000 0.00000 3.00000 1.00000
0.05000 0.10000 1.90000 1.95000 0.00000 3.00000 1.00000
0.10000 0.15000 1.90000 1.95000 0.00000 3.00000 1.00000
0.15000 0.20000 1.90000 1.95000 0.00000 3.00000 1.00000
0.20000 0.25000 1.90000 1.95000 0.00000 3.00000 1.00000
0.35000 0.40000 1.90000 1.95000 0.00000 3.00000 1.00000
0.50000 0.55000 1.90000 1.95000 0.00000 3.00000 1.00000
0.00000 0.05000 1.95000 2.00000 0.00000 3.00000 1.00000
0.05000 0.10000 1.95000 2.00000 0.00000 3.00000 1.00000
0.10000 0.15000 1.95000 2.00000 0.00000 3.00000 1.00000
0.15000 0.20000 1.95000 2.00000 0.00000 3.00000 1.00000
0.20000 0.25000 1.95000 2.00000 0.00000 3.00000 2.00000
0.35000 0.40000 1.95000 2.00000 0.00000 3.00000 2.00000
0.50000 0.55000 1.95000 2.00000 0.00000 3.00000 1.00000
0.60000 0.65000 1.45000 1.50000 10.00000 3.00000 1.00000
0.75000 0.80000 1.45000 1.50000 10.00000 3.00000 1.00000
0.80000 0.85000 1.45000 1.50000 10.00000 3.00000 1.00000
0.85000 0.90000 1.45000 1.50000 10.00000 3.00000 1.00000
0.90000 0.95000 1.45000 1.50000 10.00000 3.00000 1.00000
0.95000 1.00000 1.45000 1.50000 10.00000 3.00000 1.00000
0.45000 0.50000 1.60000 1.65000 10.00000 3.00000 1.00000
0.60000 0.65000 1.60000 1.65000 10.00000 3.00000 1.00000
0.75000 0.80000 1.60000 1.65000 10.00000 3.00000 1.00000
0.80000 0.85000 1.60000 1.65000 10.00000 3.00000 1.00000
0.85000 0.90000 1.60000 1.65000 10.00000 3.00000 1.00000
0.90000 0.95000 1.60000 1.65000 10.00000 3.00000 1.00000
0.95000 1.00000 1.60000 1.65000 10.00000 3.00000 1.00000
0.45000 0.50000 1.75000 1.80000 10.00000 3.00000 1.00000
0.60000 0.65000 1.75000 1.80000 10.00000 3.00000 1.00000
0.75000 0.80000 1.75000 1.80000 10.00000 3.00000 1.00000
0.80000 0.85000 1.75000 1.80000 10.00000 3.00000 1.00000
0.85000 0.90000 1.75000 1.80000 10.00000 3.00000 1.00000
0.90000 0.95000 1.75000 1.80000 10.00000 3.00000 1.00000
0.95000 1.00000 1.75000 1.80000 10.00000 3.00000 1.00000
0.45000 0.50000 1.80000 1.85000 10.00000 3.00000 1.00000
0.60000 0.65000 1.80000 1.85000 10.00000 3.00000 1.00000
0.75000 0.80000 1.80000 1.85000 10.00000 3.00000 1.00000
0.80000 0.85000 1.80000 1.85000 10.00000 3.00000 1.00000
0.85000 0.90000 1.80000 1.85000 10.00000 3.00000 1.00000
0.90000 0.95000 1.80000 1.85000 10.00000 3.00000 1.00000
0.95000 1.00000 1.80000 1.85000 10.00000 3.00000 1.00000
0.45000 0.50000 1.85000 1.90000 10.00000 3.00000 1.00000
0.60000 0.65000 1.85000 1.90000 10.00000 3.00000 1.00000
0.75000 0.80000 1.85000 1.90000 10.00000 3.00000 1.00000
0.85000 0.90000 1.85000 1.90000 10.00000 3.00000 1.00000
0.90000 0.95000 1.85000 1.90000 10.00000 3.00000 1.00000
0.95000 1.00000 1.85000 1.90000 10.00000 3.00000 1.00000
0.45000 0.50000 1.90000 1.95000 10.00000 3.00000 1.00000
0.60000 0.65000 1.90000 1.95000 10.00000 3.00000 1.00000
0.75000 0.80000 1.90000 1.95000 10.00000 3.00000 2.00000
0.80000 0.85000 1.90000 1.95000 10.00000 3.00000 1.00000
0.85000 0.90000 1.90000 1.95000 10.00000 3.00000 2.00000
0.90000 0.95000 1.90000 1.95000 10.00000 3.00000 1.00000
0.95000 1.00000 1.90000 1.95000 10.00000 3.00000 1.00000
0.45000 0.50000 1.95000 2.00000 10.00000 3.00000 2.00000
0.60000 0.65000 1.95000 2.00000 10.00000 3.00000 2.00000
0.75000 0.80000 1.95000 2.00000 10.00000 3.00000 2.00000
0.80000 0.85000 1.95000 2.00000 10.00000 3.00000 2.00000
0.85000 0.90000 1.95000 2.00000 10.00000 3.00000 2.00000
0.90000 0.95000 1.95000 2.00000 10.00000 3.00000 2.00000
0.95000 1.00000 1.95000 2.00000 10.00000 3.00000 3.00000
0.00000 0.05000 1.45000 1.50000 10.00000 3.00000 1.00000
0.05000 0.10000 1.45000 1.50000 10.00000 3.00000 1.00000
0.10000 0.15000 1.45000 1.50000 10.00000 3.00000 1.00000
0.15000 0.20000 1.45000 1.50000 10.00000 3.00000 1.00000
0.20000 0.25000 1.45000 1.50000 10.00000 3.00000 1.00000
0.35000 0.40000 1.45000 1.50000 10.00000 3.00000 1.00000
0.00000 0.05000 1.60000 1.65000 10.00000 3.00000 1.00000
0.05000 0.10000 1.60000 1.65000 10.00000 3.00000 1.00000
0.10000 0.15000 1.60000 1.65000 10.00000 3.00000 1.00000
0.15000 0.20000 1.60000 1.65000 10.00000 3.00000 1.00000
0.20000 0.25000 1.60000 1.65000 10.00000 3.00000 1.00000
0.35000 0.40000 1.60000 1.65000 10.00000 3.00000 1.00000
0.50000 0.55000 1.60000 1.65000 10.00000 3.00000 1.00000
0.00000 0.05000 1.75000 1.80000 10.00000 3.00000 1.00000
0.05000 0.10000 1.75000 1.80000 10.00000 3.00000 1.00000
0.10000 0.15000 1.75000 1.80000 10.00000 3.00000 1.00000
0.15000 0.20000 1.75000 1.80000 10.00000 3.00000 1.00000
0.20000 0.25000 1.75000 1.80000 10.00000 3.00000 1.00000
0.35000 0.40000 1.75000 1.80000 10.00000 3.00000 1.00000
0.50000 0.55000 1.75000 1.80000 10.00000 3.00000 1.00000
0.00000 0.05000 1.80000 1.85000 10.00000 3.00000 1.00000
0.05000 0.10000 1.80000 1.85000 10.00000 3.00000 1.00000
0.10000 0.15000 1.80000 1.85000 10.00000 3.00000 1.00000
0.15000 0.20000 1.80000 1.85000 10.00000 3.00000 1.00000
0.20000 0.25000 1.80000 1.85000 10.00000 3.00000 1.00000
0.35000 0.40000 1.80000 1.85000 10.00000 3.00000 1.00000
0.50000 0.55000 1.80000 1.85000 10.00000 3.00000 1.00000
0.00000 0.05000 1.85000 1.90000 10.00000 3.00000 1.00000
0.05000 0.10000 1.85000 1.90000 10.00000 3.00000 1.00000
0.10000 0.15000 1.85000 1.90000 10.00000 3.00000 1.00000
0.20000 0.25000 1.85000 1.90000 10.00000 3.00000 1.00000
0.35000 0.40000 1.85000 1.90000 10.00000 3.00000 1.00000
0.50000 0.55000 1.85000 1.90000 10.00000 3.00000 1.00000
0.00000 0.05000 1.90000 1.95000 10.00000 3.00000 1.00000
0.05000 0.10000 1.90000 1.95000 10.00000 3.00000 1.00000
0.10000 0.15000 1.90000 1.95000 10.00000 3.00000 1.00000
0.15000 0.20000 1.90000 1.95000 10.00000 3.00000 1.00000
0.20000 0.25000 1.90000 1.95000 10.00000 3.00000 1.00000
0.35000 0.40000 1.90000 1.95000 10.00000 3.00000 1.00000
0.50000 0.55000 1.90000 1.95000 10.00000 3.00000 1.00000
0.00000 0.05000 1.95000 2.00000 10.00000 3.00000 1.00000
0.05000 0.10000 1.95000 2.00000 10.00000 3.00000 1.00000
0.10000 0.15000 1.95000 2.00000 10.00000 3.00000 1.00000
0.15000 0.20000 1.95000 2.00000 10.00000 3.00000 1.00000
0.20000 0.25000 1.95000 2.00000 10.00000 3.00000 1.00000
0.35000 0.40000 1.95000 2.00000 10.00000 3.00000 2.00000
0.50000 0.55000 1.95000 2.00000 10.00000 3.00000 2.00000
0.00000 0.05000 1.45000 1.50000 10.00000 5.00000 1.00000
0.05000 0.10000 1.45000 1.50000 10.00000 5.00000 2.00000
0.10000 0.15000 1.45000 1.50000 10.00000 5.00000 1.00000
0.15000 0.20000 1.45000 1.50000 10.00000 5.00000 1.00000
0.20000 0.25000 1.45000 1.50000 10.00000 5.00000 1.00000
0.35000 0.40000 1.45000 1.50000 10.00000 5.00000 1.00000
0.00000 0.05000 1.60000 1.65000 10.00000 5.00000 1.00000
0.05000 0.10000 1.60000 1.65000 10.00000 5.00000 1.00000
0.10000 0.15000 1.60000 1.65000 10.00000 5.00000 1.00000
0.15000 0.20000 1.60000 1.65000 10.00000 5.00000 1.00000
0.20000 0.25000 1.60000 1.65000 10.00000 5.00000 1.00000
0.35000 0.40000 1.60000 1.65000 10.00000 5.00000 1.00000
0.50000 0.55000 1.60000 1.65000 10.00000 5.00000 0.00000
0.00000 0.05000 1.75000 1.80000 10.00000 5.00000 1.00000
0.05000 0.10000 1.75000 1.80000 10.00000 5.00000 1.00000
0.10000 0.15000 1.75000 1.80000 10.00000 5.00000 1.00000
0.15000 0.20000 1.75000 1.80000 10.00000 5.00000 1.00000
0.20000 0.25000 1.75000 1.80000 10.00000 5.00000 1.00000
0.35000 0.40000 1.75000 1.80000 10.00000 5.00000 1.00000
0.50000 0.55000 1.75000 1.80000 10.00000 5.00000 0.00000
0.00000 0.05000 1.80000 1.85000 10.00000 5.00000 1.00000
0.05000 0.10000 1.80000 1.85000 10.00000 5.00000 1.00000
0.10000 0.15000 1.80000 1.85000 10.00000 5.00000 1.00000
0.15000 0.20000 1.80000 1.85000 10.00000 5.00000 1.00000
0.20000 0.25000 1.80000 1.85000 10.00000 5.00000 1.00000
0.35000 0.40000 1.80000 1.85000 10.00000 5.00000 1.00000
0.50000 0.55000 1.80000 1.85000 10.00000 5.00000 0.00000
0.00000 0.05000 1.85000 1.90000 10.00000 5.00000 1.00000
0.05000 0.10000 1.85000 1.90000 10.00000 5.00000 1.00000
0.10000 0.15000 1.85000 1.90000 10.00000 5.00000 1.00000
0.20000 0.25000 1.85000 1.90000 10.00000 5.00000 1.00000
0.35000 0.40000 1.85000 1.90000 10.00000 5.00000 1.00000
0.50000 0.55000 1.85000 1.90000 10.00000 5.00000 0.00000
0.00000 0.05000 1.90000 1.95000 10.00000 5.00000 1.00000
0.05000 0.10000 1.90000 1.95000 10.00000 5.00000 1.00000
0.10000 0.15000 1.90000 1.95000 10.00000 5.00000 1.00000
0.15000 0.20000 1.90000 1.95000 10.00000 5.00000 1.00000
0.20000 0.25000 1.90000 1.95000 10.00000 5.00000 1.00000
0.35000 0.40000 1.90000 1.95000 10.00000 5.00000 1.00000
0.50000 0.55000 1.90000 1.95000 10.00000 5.00000 0.00000
0.00000 0.05000 1.95000 2.00000 10.00000 5.00000 1.00000
0.05000 0.10000 1.95000 2.00000 10.00000 5.00000 1.00000
0.10000 0.15000 1.95000 2.00000 10.00000 5.00000 1.00000
0.15000 0.20000 1.95000 2.00000 10.00000 5.00000 1.00000
0.20000 0.25000 1.95000 2.00000 10.00000 5.00000 1.00000
0.35000 0.40000 1.95000 2.00000 10.00000 5.00000 1.00000
0.50000 0.55000 1.95000 2.00000 10.00000 5.00000 1.00000
0.60000 0.65000 1.45000 1.50000 10.00000 5.00000 0.00000
0.75000 0.80000 1.45000 1.50000 10.00000 5.00000 0.00000
0.80000 0.85000 1.45000 1.50000 10.00000 5.00000 0.00000
0.85000 0.90000 1.45000 1.50000 10.00000 5.00000 0.00000
0.90000 0.95000 1.45000 1.50000 10.00000 5.00000 0.00000
0.95000 1.00000 1.45000 1.50000 10.00000 5.00000 0.00000
0.45000 0.50000 1.60000 1.65000 10.00000 5.00000 0.00000
0.60000 0.65000 1.60000 1.65000 10.00000 5.00000 0.00000
0.75000 0.80000 1.60000 1.65000 10.00000 5.00000 0.00000
0.80000 0.85000 1.60000 1.65000 10.00000 5.00000 0.00000
0.85000 0.90000 1.60000 1.65000 10.00000 5.00000 0.00000
0.90000 0.95000 1.60000 1.65000 10.00000 5.00000 0.00000
0.95000 1.00000 1.60000 1.65000 10.00000 5.00000 0.00000
0.45000 0.50000 1.75000 1.80000 10.00000 5.00000 0.00000
0.60000 0.65000 1.75000 1.80000 10.00000 5.00000 0.00000
0.75000 0.80000 1.75000 1.80000 10.00000 5.00000 0.00000
0.80000 0.85000 1.75000 1.80000 10.00000 5.00000 0.00000
0.85000 0.90000 1.75000 1.80000 10.00000 5.00000 0.00000
0.90000 0.95000 1.75000 1.80000 10.00000 5.00000 0.00000
0.95000 1.00000 1.75000 1.80000 10.00000 5.00000 0.00000
0.45000 0.50000 1.80000 1.85000 10.00000 5.00000 0.00000
0.60000 0.65000 1.80000 1.85000 10.00000 5.00000 0.00000
0.75000 0.80000 1.80000 1.85000 10.00000 5.00000 0.00000
0.80000 0.85000 1.80000 1.85000 10.00000 5.00000 0.00000
0.85000 0.90000 1.80000 1.85000 10.00000 5.00000 0.00000
0.90000 0.95000 1.80000 1.85000 10.00000 5.00000 0.00000
0.95000 1.00000 1.80000 1.85000 10.00000 5.00000 0.00000
0.45000 0.50000 1.85000 1.90000 10.00000 5.00000 0.00000
0.60000 0.65000 1.85000 1.90000 10.00000 5.00000 0.00000
0.75000 0.80000 1.85000 1.90000 10.00000 5.00000 0.00000
0.85000 0.90000 1.85000 1.90000 10.00000 5.00000 0.00000
0.90000 0.95000 1.85000 1.90000 10.00000 5.00000 0.00000
0.95000 1.00000 1.85000 1.90000 10.00000 5.00000 0.00000
0.45000 0.50000 1.90000 1.95000 10.00000 5.00000 0.00000
0.60000 0.65000 1.90000 1.95000 10.00000 5.00000 0.00000
0.75000 0.80000 1.90000 1.95000 10.00000 5.00000 0.00000
0.80000 0.85000 1.90000 1.95000 10.00000 5.00000 0.00000
0.85000 0.90000 1.90000 1.95000 10.00000 5.00000 0.00000
0.90000 0.95000 1.90000 1.95000 10.00000 5.00000 0.00000
0.95000 1.00000 1.90000 1.95000 10.00000 5.00000 0.00000
0.45000 0.50000 1.95000 2.00000 10.00000 5.00000 1.00000
0.60000 0.65000 1.95000 2.00000 10.00000 5.00000 0.00000
0.75000 0.80000 1.95000 2.00000 10.00000 5.00000 0.00000
0.80000 0.85000 1.95000 2.00000 10.00000 5.00000 0.00000
0.85000 0.90000 1.95000 2.00000 10.00000 5.00000 0.00000
0.90000 0.95000 1.95000 2.00000 10.00000 5.00000 0.00000
0.95000 1.00000 1.95000 2.00000 10.00000 5.00000 0.00000
0.60000 0.65000 1.45000 1.50000 20.00000 3.00000 1.00000
0.75000 0.80000 1.45000 1.50000 20.00000 3.00000 0.00000
0.80000 0.85000 1.45000 1.50000 20.00000 3.00000 1.00000
0.85000 0.90000 1.45000 1.50000 20.00000 3.00000 1.00000
0.90000 0.95000 1.45000 1.50000 20.00000 3.00000 1.00000
0.95000 1.00000 1.45000 1.50000 20.00000 3.00000 1.00000
0.45000 0.50000 1.60000 1.65000 20.00000 3.00000 0.00000
0.60000 0.65000 1.60000 1.65000 20.00000 3.00000 0.00000
0.75000 0.80000 1.60000 1.65000 20.00000 3.00000 1.00000
0.80000 0.85000 1.60000 1.65000 20.00000 3.00000 1.00000
0.85000 0.90000 1.60000 1.65000 20.00000 3.00000 1.00000
0.90000 0.95000 1.60000 1.65000 20.00000 3.00000 1.00000
0.95000 1.00000 1.60000 1.65000 20.00000 3.00000 1.00000
0.45000 0.50000 1.75000 1.80000 20.00000 3.00000 1.00000
0.60000 0.65000 1.75000 1.80000 20.00000 3.00000 1.00000
0.75000 0.80000 1.75000 1.80000 20.00000 3.00000 1.00000
0.80000 0.85000 1.75000 1.80000 20.00000 3.00000 1.00000
0.85000 0.90000 1.75000 1.80000 20.00000 3.00000 1.00000
0.90000 0.95000 1.75000 1.80000 20.00000 3.00000 1.00000
0.95000 1.00000 1.75000 1.80000 20.00000 3.00000 1.00000
0.45000 0.50000 1.80000 1.85000 20.00000 3.00000 0.00000
0.60000 0.65000 1.80000 1.85000 20.00000 3.00000 1.00000
0.75000 0.80000 1.80000 1.85000 20.00000 3.00000 1.00000
0.80000 0.85000 1.80000 1.85000 20.00000 3.00000 1.00000
0.85000 0.90000 1.80000 1.85000 20.00000 3.00000 1.00000
0.90000 0.95000 1.80000 1.85000 20.00000 3.00000 1.00000
0.95000 1.00000 1.80000 1.85000 20.00000 3.00000 1.00000
0.45000 0.50000 1.85000 1.90000 20.00000 3.00000 1.00000
0.60000 0.65000 1.85000 1.90000 20.00000 3.00000 1.00000
0.75000 0.80000 1.85000 1.90000 20.00000 3.00000 1.00000
0.85000 0.90000 1.85000 1.90000 20.00000 3.00000 1.00000
0.90000 0.95000 1.85000 1.90000 20.00000 3.00000 1.00000
0.95000 1.00000 1.85000 1.90000 20.00000 3.00000 1.00000
0.45000 0.50000 1.90000 1.95000 20.00000 3.00000 1.00000
0.60000 0.65000 1.90000 1.95000 20.00000 3.00000 1.00000
0.75000 0.80000 1.90000 1.95000 20.00000 3.00000 1.00000
0.80000 0.85000 1.90000 1.95000 20.00000 3.00000 1.00000
0.85000 0.90000 1.90000 1.95000 20.00000 3.00000 1.00000
0.90000 0.95000 1.90000 1.95000 20.00000 3.00000 1.00000
0.95000 1.00000 1.90000 1.95000 20.00000 3.00000 1.00000
0.45000 0.50000 1.95000 2.00000 20.00000 3.00000 1.00000
0.60000 0.65000 1.95000 2.00000 20.00000 3.00000 1.00000
0.75000 0.80000 1.95000 2.00000 20.00000 3.00000 1.00000
0.80000 0.85000 1.95000 2.00000 20.00000 3.00000 1.00000
0.85000 0.90000 1.95000 2.00000 20.00000 3.00000 2.00000
0.90000 0.95000 1.95000 2.00000 20.00000 3.00000 2.00000
0.95000 1.00000 1.95000 2.00000 20.00000 3.00000 3.00000
0.00000 0.05000 1.45000 1.50000 20.00000 5.00000 1.00000
0.05000 0.10000 1.45000 1.50000 20.00000 5.00000 1.00000
0.10000 0.15000 1.45000 1.50000 20.00000 5.00000 1.00000
0.15000 0.20000 1.45000 1.50000 20.00000 5.00000 0.00000
0.20000 0.25000 1.45000 1.50000 20.00000 5.00000 0.00000
0.35000 0.40000 1.45000 1.50000 20.00000 5.00000 0.00000
0.00000 0.05000 1.60000 1.65000 20.00000 5.00000 1.00000
0.05000 0.10000 1.60000 1.65000 20.00000 5.00000 1.00000
0.10000 0.15000 1.60000 1.65000 20.00000 5.00000 1.00000
0.15000 0.20000 1.60000 1.65000 20.00000 5.00000 0.00000
0.20000 0.25000 1.60000 1.65000 20.00000 5.00000 0.00000
0.35000 0.40000 1.60000 1.65000 20.00000 5.00000 0.00000
0.50000 0.55000 1.60000 1.65000 20.00000 5.00000 0.00000
0.00000 0.05000 1.75000 1.80000 20.00000 5.00000 1.00000
0.05000 0.10000 1.75000 1.80000 20.00000 5.00000 1.00000
0.10000 0.15000 1.75000 1.80000 20.00000 5.00000 1.00000
0.15000 0.20000 1.75000 1.80000 20.00000 5.00000 0.00000
0.20000 0.25000 1.75000 1.80000 20.00000 5.00000 0.00000
0.35000 0.40000 1.75000 1.80000 20.00000 5.00000 0.00000
0.50000 0.55000 1.75000 1.80000 20.00000 5.00000 0.00000
0.00000 0.05000 1.80000 1.85000 20.00000 5.00000 1.00000
0.05000 0.10000 1.80000 1.85000 20.00000 5.00000 1.00000
0.10000 0.15000 1.80000 1.85000 20.00000 5.00000 1.00000
0.15000 0.20000 1.80000 1.85000 20.00000 5.00000 1.00000
0.20000 0.25000 1.80000 1.85000 20.00000 5.00000 0.00000
0.35000 0.40000 1.80000 1.85000 20.00000 5.00000 0.00000
0.50000 0.55000 1.80000 1.85000 20.00000 5.00000 0.00000
0.00000 0.05000 1.85000 1.90000 20.00000 5.00000 1.00000
0.05000 0.10000 1.85000 1.90000 20.00000 5.00000 1.00000
0.10000 0.15000 1.85000 1.90000 20.00000 5.00000 1.00000
0.20000 0.25000 1.85000 1.90000 20.00000 5.00000 0.00000
0.35000 0.40000 1.85000 1.90000 20.00000 5.00000 0.00000
0.50000 0.55000 1.85000 1.90000 20.00000 5.00000 0.00000
0.00000 0.05000 1.90000 1.95000 20.00000 5.00000 1.00000
0.05000 0.10000 1.90000 1.95000 20.00000 5.00000 1.00000
0.10000 0.15000 1.90000 1.95000 20.00000 5.00000 1.00000
0.15000 0.20000 1.90000 1.95000 20.00000 5.00000 0.00000
0.20000 0.25000 1.90000 1.95000 20.00000 5.00000 0.00000
0.35000 0.40000 1.90000 1.95000 20.00000 5.00000 0.00000
0.50000 0.55000 1.90000 1.95000 20.00000 5.00000 0.00000
0.00000 0.05000 1.95000 2.00000 20.00000 5.00000 1.00000
0.05000 0.10000 1.95000 2.00000 20.00000 5.00000 1.00000
0.10000 0.15000 1.95000 2.00000 20.00000 5.00000 1.00000
0.15000 0.20000 1.95000 2.00000 20.00000 5.00000 1.00000
0.20000 0.25000 1.95000 2.00000 20.00000 5.00000 0.00000
0.35000 0.40000 1.95000 2.00000 20.00000 5.00000 0.00000
0.50000 0.55000 1.95000 2.00000 20.00000 5.00000 0.00000
0.60000 0.65000 1.45000 1.50000 30.00000 3.00000 0.00000
0.75000 0.80000 1.45000 1.50000 30.00000 3.00000 0.00000
0.80000 0.85000 1.45000 1.50000 30.00000 3.00000 0.00000
0.85000 0.90000 1.45000 1.50000 30.00000 3.00000 1.00000
0.90000 0.95000 1.45000 1.50000 30.00000 3.00000 1.00000
0.95000 1.00000 1.45000 1.50000 30.00000 3.00000 1.00000
0.45000 0.50000 1.60000 1.65000 30.00000 3.00000 0.00000
0.60000 0.65000 1.60000 1.65000 30.00000 3.00000 0.00000
0.75000 0.80000 1.60000 1.65000 30.00000 3.00000 0.00000
0.80000 0.85000 1.60000 1.65000 30.00000 3.00000 0.00000
0.85000 0.90000 1.60000 1.65000 30.00000 3.00000 0.00000
0.90000 0.95000 1.60000 1.65000 30.00000 3.00000 1.00000
0.95000 1.00000 1.60000 1.65000 30.00000 3.00000 1.00000
0.45000 0.50000 1.75000 1.80000 30.00000 3.00000 0.00000
0.60000 0.65000 1.75000 1.80000 30.00000 3.00000 0.00000
0.75000 0.80000 1.75000 1.80000 30.00000 3.00000 0.00000
0.80000 0.85000 1.75000 1.80000 30.00000 3.00000 0.00000
0.85000 0.90000 1.75000 1.80000 30.00000 3.00000 0.00000
0.90000 0.95000 1.75000 1.80000 30.00000 3.00000 1.00000
0.95000 1.00000 1.75000 1.80000 30.00000 3.00000 1.00000
0.45000 0.50000 1.80000 1.85000 30.00000 3.00000 0.00000
0.60000 0.65000 1.80000 1.85000 30.00000 3.00000 0.00000
0.75000 0.80000 1.80000 1.85000 30.00000 3.00000 0.00000
0.80000 0.85000 1.80000 1.85000 30.00000 3.00000 1.00000
0.85000 0.90000 1.80000 1.85000 30.00000 3.00000 1.00000
0.90000 0.95000 1.80000 1.85000 30.00000 3.00000 1.00000
0.95000 1.00000 1.80000 1.85000 30.00000 3.00000 1.00000
0.45000 0.50000 1.85000 1.90000 30.00000 3.00000 0.00000
0.60000 0.65000 1.85000 1.90000 30.00000 3.00000 0.00000
0.75000 0.80000 1.85000 1.90000 30.00000 3.00000 1.00000
0.85000 0.90000 1.85000 1.90000 30.00000 3.00000 1.00000
0.90000 0.95000 1.85000 1.90000 30.00000 3.00000 1.00000
0.95000 1.00000 1.85000 1.90000 30.00000 3.00000 1.00000
0.45000 0.50000 1.90000 1.95000 30.00000 3.00000 0.00000
0.60000 0.65000 1.90000 1.95000 30.00000 3.00000 1.00000
0.75000 0.80000 1.90000 1.95000 30.00000 3.00000 1.00000
0.80000 0.85000 1.90000 1.95000 30.00000 3.00000 1.00000
0.85000 0.90000 1.90000 1.95000 30.00000 3.00000 1.00000
0.90000 0.95000 1.90000 1.95000 30.00000 3.00000 1.00000
0.95000 1.00000 1.90000 1.95000 30.00000 3.00000 1.00000
0.45000 0.50000 1.95000 2.00000 30.00000 3.00000 1.00000
0.60000 0.65000 1.95000 2.00000 30.00000 3.00000 2.00000
0.75000 0.80000 1.95000 2.00000 30.00000 3.00000 1.00000
0.80000 0.85000 1.95000 2.00000 30.00000 3.00000 2.00000
0.85000 0.90000 1.95000 2.00000 30.00000 3.00000 2.00000
0.90000 0.95000 1.95000 2.00000 30.00000 3.00000 3.00000
0.95000 1.00000 1.95000 2.00000 30.00000 3.00000 3.00000
0.00000 0.05000 1.45000 1.50000 30.00000 3.00000 0.00000
0.05000 0.10000 1.45000 1.50000 30.00000 3.00000 0.00000
0.10000 0.15000 1.45000 1.50000 30.00000 3.00000 0.00000
0.15000 0.20000 1.45000 1.50000 30.00000 3.00000 0.00000
0.20000 0.25000 1.45000 1.50000 30.00000 3.00000 0.00000
0.35000 0.40000 1.45000 1.50000 30.00000 3.00000 0.00000
0.00000 0.05000 1.60000 1.65000 30.00000 3.00000 0.00000
0.05000 0.10000 1.60000 1.65000 30.00000 3.00000 0.00000
0.10000 0.15000 1.60000 1.65000 30.00000 3.00000 0.00000
0.15000 0.20000 1.60000 1.65000 30.00000 3.00000 0.00000
0.20000 0.25000 1.60000 1.65000 30.00000 3.00000 0.00000
0.35000 0.40000 1.60000 1.65000 30.00000 3.00000 0.00000
0.50000 0.55000 1.60000 1.65000 30.00000 3.00000 0.00000
0.00000 0.05000 1.75000 1.80000 30.00000 3.00000 0.00000
0.05000 0.10000 1.75000 1.80000 30.00000 3.00000 0.00000
0.10000 0.15000 1.75000 1.80000 30.00000 3.00000 0.00000
0.15000 0.20000 1.75000 1.80000 30.00000 3.00000 0.00000
0.20000 0.25000 1.75000 1.80000 30.00000 3.00000 0.00000
0.35000 0.40000 1.75000 1.80000 30.00000 3.00000 0.00000
0.50000 0.55000 1.75000 1.80000 30.00000 3.00000 0.00000
0.00000 0.05000 1.80000 1.85000 30.00000 3.00000 0.00000
0.05000 0.10000 1.80000 1.85000 30.00000 3.00000 0.00000
0.10000 0.15000 1.80000 1.85000 30.00000 3.00000 0.00000
0.15000 0.20000 1.80000 1.85000 30.00000 3.00000 0.00000
0.20000 0.25000 1.80000 1.85000 30.00000 3.00000 0.00000
0.35000 0.40000 1.80000 1.85000 30.00000 3.00000 0.00000
0.50000 0.55000 1.80000 1.85000 30.00000 3.00000 0.00000
0.00000 0.05000 1.85000 1.90000 30.00000 3.00000 0.00000
0.05000 0.10000 1.85000 1.90000 30.00000 3.00000 0.00000
0.10000 0.15000 1.85000 1.90000 30.00000 3.00000 0.00000
0.20000 0.25000 1.85000 1.90000 30.00000 3.00000 0.00000
0.35000 0.40000 1.85000 1.90000 30.00000 3.00000 0.00000
0.50000 0.55000 1.85000 1.90000 30.00000 3.00000 0.00000
0.00000 0.05000 1.90000 1.95000 30.00000 3.00000 0.00000
0.05000 0.10000 1.90000 1.95000 30.00000 3.00000 0.00000
0.10000 0.15000 1.90000 1.95000 30.00000 3.00000 0.00000
0.15000 0.20000 1.90000 1.95000 30.00000 3.00000 0.00000
0.20000 0.25000 1.90000 1.95000 30.00000 3.00000 0.00000
0.35000 0.40000 1.90000 1.95000 30.00000 3.00000 0.00000
0.50000 0.55000 1.90000 1.95000 30.00000 3.00000 0.00000
0.00000 0.05000 1.95000 2.00000 30.00000 3.00000 0.00000
0.05000 0.10000 1.95000 2.00000 30.00000 3.00000 0.00000
0.10000 0.15000 1.95000 2.00000 30.00000 3.00000 0.00000
0.15000 0.20000 1.95000 2.00000 30.00000 3.00000 0.00000
0.20000 0.25000 1.95000 2.00000 30.00000 3.00000 0.00000
0.35000 0.40000 1.95000 2.00000 30.00000 3.00000 0.00000
0.50000 0.55000 1.95000 2.00000 30.00000 3.00000 1.00000
0.00000 0.05000 1.45000 1.50000 30.00000 5.00000 0.00000
0.05000 0.10000 1.45000 1.50000 30.00000 5.00000 0.00000
0.10000 0.15000 1.45000 1.50000 30.00000 5.00000 0.00000
0.15000 0.20000 1.45000 1.50000 30.00000 5.00000 0.00000
0.20000 0.25000 1.45000 1.50000 30.00000 5.00000 0.00000
0.35000 0.40000 1.45000 1.50000 30.00000 5.00000 0.00000
0.00000 0.05000 1.60000 1.65000 30.00000 5.00000 0.00000
0.05000 0.10000 1.60000 1.65000 30.00000 5.00000 0.00000
0.10000 0.15000 1.60000 1.65000 30.00000 5.00000 0.00000
0.15000 0.20000 1.60000 1.65000 30.00000 5.00000 0.00000
0.20000 0.25000 1.60000 1.65000 30.00000 5.00000 0.00000
0.35000 0.40000 1.60000 1.65000 30.00000 5.00000 0.00000
0.50000 0.55000 1.60000 1.65000 30.00000 5.00000 0.00000
0.00000 0.05000 1.75000 1.80000 30.00000 5.00000 0.00000
0.05000 0.10000 1.75000 1.80000 30.00000 5.00000 0.00000
0.10000 0.15000 1.75000 1.80000 30.00000 5.00000 0.00000
0.15000 0.20000 1.75000 1.80000 30.00000 5.00000 0.00000
0.20000 0.25000 1.75000 1.80000 30.00000 5.00000 0.00000
0.35000 0.40000 1.75000 1.80000 30.00000 5.00000 0.00000
0.50000 0.55000 1.75000 1.80000 30.00000 5.00000 0.00000
0.00000 0.05000 1.80000 1.85000 30.00000 5.00000 0.00000
0.05000 0.10000 1.80000 1.85000 30.00000 5.00000 0.00000
0.10000 0.15000 1.80000 1.85000 30.00000 5.00000 0.00000
0.15000 0.20000 1.80000 1.85000 30.00000 5.00000 0.00000
0.20000 0.25000 1.80000 1.85000 30.00000 5.00000 0.00000
0.35000 0.40000 1.80000 1.85000 30.00000 5.00000 0.00000
0.50000 0.55000 1.80000 1.85000 30.00000 5.00000 0.00000
0.00000 0.05000 1.85000 1.90000 30.00000 5.00000 0.00000
0.05000 0.10000 1.85000 1.90000 30.00000 5.00000 0.00000
0.10000 0.15000 1.85000 1.90000 30.00000 5.00000 0.00000
0.20000 0.25000 1.85000 1.90000 30.00000 5.00000 0.00000
0.35000 0.40000 1.85000 1.90000 30.00000 5.00000 0.00000
0.50000 0.55000 1.85000 1.90000 30.00000 5.00000 0.00000
0.00000 0.05000 1.90000 1.95000 30.00000 5.00000 0.00000
0.05000 0.10000 1.90000 1.95000 30.00000 5.00000 0.00000
0.10000 0.15000 1.90000 1.95000 30.00000 5.00000 0.00000
0.15000 0.20000 1.90000 1.95000 30.00000 5.00000 0.00000
0.20000 0.25000 1.90000 1.95000 30.00000 5.00000 0.00000
0.35000 0.40000 1.90000 1.95000 30.00000 5.00000 0.00000
0.50000 0.55000 1.90000 1.95000 30.00000 5.00000 0.00000
0.00000 0.05000 1.95000 2.00000 30.00000 5.00000 0.00000
0.05000 0.10000 1.95000 2.00000 30.00000 5.00000 0.00000
0.10000 0.15000 1.95000 2.00000 30.00000 5.00000 0.00000
0.15000 0.20000 1.95000 2.00000 30.00000 5.00000 0.00000
0.20000 0.25000 1.95000 2.00000 30.00000 5.00000 0.00000
0.35000 0.40000 1.95000 2.00000 30.00000 5.00000 0.00000
0.50000 0.55000 1.95000 2.00000 30.00000 5.00000 0.00000
0.00000 0.05000 1.45000 1.50000 45.00000 3.00000 0.00000
0.05000 0.10000 1.45000 1.50000 45.00000 3.00000 0.00000
0.10000 0.15000 1.45000 1.50000 45.00000 3.00000 0.00000
0.15000 0.20000 1.45000 1.50000 45.00000 3.00000 0.00000
0.20000 0.25000 1.45000 1.50000 45.00000 3.00000 0.00000
0.35000 0.40000 1.45000 1.50000 45.00000 3.00000 0.00000
0.00000 0.05000 1.60000 1.65000 45.00000 3.00000 0.00000
0.05000 0.10000 1.60000 1.65000 45.00000 3.00000 0.00000
0.10000 0.15000 1.60000 1.65000 45.00000 3.00000 0.00000
0.15000 0.20000 1.60000 1.65000 45.00000 3.00000 0.00000
0.20000 0.25000 1.60000 1.65000 45.00000 3.00000 0.00000
0.35000 0.40000 1.60000 1.65000 45.00000 3.00000 0.00000
0.50000 0.55000 1.60000 1.65000 45.00000 3.00000 0.00000
0.00000 0.05000 1.75000 1.80000 45.00000 3.00000 0.00000
0.05000 0.10000 1.75000 1.80000 45.00000 3.00000 0.00000
0.10000 0.15000 1.75000 1.80000 45.00000 3.00000 0.00000
0.15000 0.20000 1.75000 1.80000 45.00000 3.00000 0.00000
0.20000 0.25000 1.75000 1.80000 45.00000 3.00000 0.00000
0.35000 0.40000 1.75000 1.80000 45.00000 3.00000 0.00000
0.50000 0.55000 1.75000 1.80000 45.00000 3.00000 0.00000
0.00000 0.05000 1.80000 1.85000 45.00000 3.00000 0.00000
0.05000 0.10000 1.80000 1.85000 45.00000 3.00000 0.00000
0.10000 0.15000 1.80000 1.85000 45.00000 3.00000 0.00000
0.15000 0.20000 1.80000 1.85000 45.00000 3.00000 0.00000
0.20000 0.25000 1.80000 1.85000 45.00000 3.00000 0.00000
0.35000 0.40000 1.80000 1.85000 45.00000 3.00000 0.00000
0.50000 0.55000 1.80000 1.85000 45.00000 3.00000 0.00000
0.00000 0.05000 1.85000 1.90000 45.00000 3.00000 0.00000
0.05000 0.10000 1.85000 1.90000 45.00000 3.00000 0.00000
0.10000 0.15000 1.85000 1.90000 45.00000 3.00000 0.00000
0.20000 0.25000 1.85000 1.90000 45.00000 3.00000 0.00000
0.35000 0.40000 1.85000 1.90000 45.00000 3.00000 0.00000
0.50000 0.55000 1.85000 1.90000 45.00000 3.00000 0.00000
0.00000 0.05000 1.90000 1.95000 45.00000 3.00000 0.00000
0.05000 0.10000 1.90000 1.95000 45.00000 3.00000 0.00000
0.10000 0.15000 1.90000 1.95000 45.00000 3.00000 0.00000
0.15000 0.20000 1.90000 1.95000 45.00000 3.00000 0.00000
0.20000 0.25000 1.90000 1.95000 45.00000 3.00000 0.00000
0.35000 0.40000 1.90000 1.95000 45.00000 3.00000 0.00000
0.50000 0.55000 1.90000 1.95000 45.00000 3.00000 0.00000
0.00000 0.05000 1.95000 2.00000 45.00000 3.00000 0.00000
0.05000 0.10000 1.95000 2.00000 45.00000 3.00000 0.00000
0.10000 0.15000 1.95000 2.00000 45.00000 3.00000 0.00000
0.15000 0.20000 1.95000 2.00000 45.00000 3.00000 0.00000
0.20000 0.25000 1.95000 2.00000 45.00000 3.00000 0.00000
0.35000 0.40000 1.95000 2.00000 45.00000 3.00000 1.00000
0.50000 0.55000 1.95000 2.00000 45.00000 3.00000 2.00000
0.00000 0.05000 1.45000 1.50000 45.00000 5.00000 1.00000
0.05000 0.10000 1.45000 1.50000 45.00000 5.00000 1.00000
0.10000 0.15000 1.45000 1.50000 45.00000 5.00000 1.00000
0.15000 0.20000 1.45000 1.50000 45.00000 5.00000 1.00000
0.20000 0.25000 1.45000 1.50000 45.00000 5.00000 0.00000
0.35000 0.40000 1.45000 1.50000 45.00000 5.00000 0.00000
0.00000 0.05000 1.60000 1.65000 45.00000 5.00000 1.00000
0.05000 0.10000 1.60000 1.65000 45.00000 5.00000 1.00000
0.10000 0.15000 1.60000 1.65000 45.00000 5.00000 1.00000
0.15000 0.20000 1.60000 1.65000 45.00000 5.00000 1.00000
0.20000 0.25000 1.60000 1.65000 45.00000 5.00000 0.00000
0.35000 0.40000 1.60000 1.65000 45.00000 5.00000 0.00000
0.50000 0.55000 1.60000 1.65000 45.00000 5.00000 0.00000
0.00000 0.05000 1.75000 1.80000 45.00000 5.00000 1.00000
0.05000 0.10000 1.75000 1.80000 45.00000 5.00000 1.00000
0.10000 0.15000 1.75000 1.80000 45.00000 5.00000 1.00000
0.15000 0.20000 1.75000 1.80000 45.00000 5.00000 0.00000
0.20000 0.25000 1.75000 1.80000 45.00000 5.00000 0.00000
0.35000 0.40000 1.75000 1.80000 45.00000 5.00000 0.00000
0.50000 0.55000 1.75000 1.80000 45.00000 5.00000 0.00000
0.00000 0.05000 1.80000 1.85000 45.00000 5.00000 1.00000
0.05000 0.10000 1.80000 1.85000 45.00000 5.00000 1.00000
0.10000 0.15000 1.80000 1.85000 45.00000 5.00000 0.00000
0.15000 0.20000 1.80000 1.85000 45.00000 5.00000 0.00000
0.20000 0.25000 1.80000 1.85000 45.00000 5.00000 0.00000
0.35000 0.40000 1.80000 1.85000 45.00000 5.00000 0.00000
0.50000 0.55000 1.80000 1.85000 45.00000 5.00000 0.00000
0.00000 0.05000 1.85000 1.90000 45.00000 5.00000 1.00000
0.05000 0.10000 1.85000 1.90000 45.00000 5.00000 1.00000
0.10000 0.15000 1.85000 1.90000 45.00000 5.00000 0.00000
0.20000 0.25000 1.85000 1.90000 45.00000 5.00000 0.00000
0.35000 0.40000 1.85000 1.90000 45.00000 5.00000 0.00000
0.50000 0.55000 1.85000 1.90000 45.00000 5.00000 0.00000
0.00000 0.05000 1.90000 1.95000 45.00000 5.00000 1.00000
0.05000 0.10000 1.90000 1.95000 45.00000 5.00000 0.00000
0.10000 0.15000 1.90000 1.95000 45.00000 5.00000 0.00000
0.15000 0.20000 1.90000 1.95000 45.00000 5.00000 0.00000
0.20000 0.25000 1.90000 1.95000 45.00000 5.00000 0.00000
0.35000 0.40000 1.90000 1.95000 45.00000 5.00000 0.00000
0.50000 0.55000 1.90000 1.95000 45.00000 5.00000 0.00000
0.00000 0.05000 1.95000 2.00000 45.00000 5.00000 1.00000
0.05000 0.10000 1.95000 2.00000 45.00000 5.00000 0.00000
0.10000 0.15000 1.95000 2.00000 45.00000 5.00000 0.00000
0.15000 0.20000 1.95000 2.00000 45.00000 5.00000 0.00000
0.20000 0.25000 1.95000 2.00000 45.00000 5.00000 0.00000
0.35000 0.40000 1.95000 2.00000 45.00000 5.00000 0.00000
0.50000 0.55000 1.95000 2.00000 45.00000 5.00000 0.00000
