0.00000 0.05000 0.85000 0.90000 0.00000 4.00000 0.00000
0.05000 0.10000 0.85000 0.90000 0.00000 4.00000 0.00000
0.00000 0.05000 0.90000 0.95000 0.00000 4.00000 0.00000
0.05000 0.10000 0.90000 0.95000 0.00000 4.00000 0.00000
0.10000 0.15000 0.90000 0.95000 0.00000 4.00000 0.00000
0.15000 0.20000 0.90000 0.95000 0.00000 4.00000 0.00000
0.20000 0.25000 0.90000 0.95000 0.00000 4.00000 0.00000
0.00000 0.05000 0.95000 1.00000 0.00000 4.00000 0.00000
0.05000 0.10000 0.95000 1.00000 0.00000 4.00000 0.00000
0.10000 0.15000 0.95000 1.00000 0.00000 4.00000 0.00000
0.15000 0.20000 0.95000 1.00000 0.00000 4.00000 0.00000
0.20000 0.25000 0.95000 1.00000 0.00000 4.00000 0.00000
0.00000 0.05000 1.00000 1.05000 0.00000 4.00000 0.00000
0.05000 0.10000 1.00000 1.05000 0.00000 4.00000 0.00000
0.10000 0.15000 1.00000 1.05000 0.00000 4.00000 0.00000
0.15000 0.20000 1.00000 1.05000 0.00000 4.00000 0.00000
0.20000 0.25000 1.00000 1.05000 0.00000 4.00000 0.00000
0.00000 0.05000 1.05000 1.10000 0.00000 4.00000 0.00000
0.05000 0.10000 1.05000 1.10000 0.00000 4.00000 0.00000
0.10000 0.15000 1.05000 1.10000 0.00000 4.00000 0.00000
0.15000 0.20000 1.05000 1.10000 0.00000 4.00000 0.00000
0.20000 0.25000 1.05000 1.10000 0.00000 4.00000 0.00000
0.00000 0.05000 1.10000 1.15000 0.00000 4.00000 0.00000
0.05000 0.10000 1.10000 1.15000 0.00000 4.00000 0.00000
0.10000 0.15000 1.10000 1.15000 0.00000 4.00000 0.00000
0.15000 0.20000 1.10000 1.15000 0.00000 4.00000 0.00000
0.20000 0.25000 0.85000 0.90000 0.00000 1.00000 1.00000
0.25000 0.30000 0.85000 0.90000 0.00000 1.00000 0.00000
0.05000 0.10000 0.90000 0.95000 0.00000 1.00000 1.00000
0.10000 0.15000 0.90000 0.95000 0.00000 1.00000 1.00000
0.15000 0.20000 0.90000 0.95000 0.00000 1.00000 1.00000
0.20000 0.25000 0.90000 0.95000 0.00000 1.00000 1.00000
0.25000 0.30000 0.90000 0.95000 0.00000 1.00000 0.00000
0.05000 0.10000 0.95000 1.00000 0.00000 1.00000 1.00000
0.10000 0.15000 0.95000 1.00000 0.00000 1.00000 1.00000
0.15000 0.20000 0.95000 1.00000 0.00000 1.00000 1.00000
0.20000 0.25000 0.95000 1.00000 0.00000 1.00000 1.00000
0.25000 0.30000 0.95000 1.00000 0.00000 1.00000 0.00000
0.05000 0.10000 1.00000 1.05000 0.00000 1.00000 1.00000
0.10000 0.15000 1.00000 1.05000 0.00000 1.00000 1.00000
0.15000 0.20000 1.00000 1.05000 0.00000 1.00000 1.00000
0.20000 0.25000 1.00000 1.05000 0.00000 1.00000 1.00000
0.25000 0.30000 1.00000 1.05000 0.00000 1.00000 0.00000
0.05000 0.10000 1.05000 1.10000 0.00000 1.00000 1.00000
0.10000 0.15000 1.05000 1.10000 0.00000 1.00000 1.00000
0.15000 0.20000 1.05000 1.10000 0.00000 1.00000 1.00000
0.20000 0.25000 1.05000 1.10000 0.00000 1.00000 1.00000
0.25000 0.30000 1.05000 1.10000 0.00000 1.00000 0.00000
0.10000 0.15000 1.10000 1.15000 0.00000 1.00000 1.00000
0.15000 0.20000 1.10000 1.15000 0.00000 1.00000 1.00000
0.20000 0.25000 1.10000 1.15000 0.00000 1.00000 1.00000
0.25000 0.30000 1.10000 1.15000 0.00000 1.00000 0.00000
0.00000 0.05000 0.85000 0.90000 10.00000 4.00000 0.00000
0.05000 0.10000 0.85000 0.90000 10.00000 4.00000 0.00000
0.00000 0.05000 0.90000 0.95000 10.00000 4.00000 0.00000
0.05000 0.10000 0.90000 0.95000 10.00000 4.00000 0.00000
0.10000 0.15000 0.90000 0.95000 10.00000 4.00000 0.00000
0.15000 0.20000 0.90000 0.95000 10.00000 4.00000 0.00000
0.20000 0.25000 0.90000 0.95000 10.00000 4.00000 0.00000
0.00000 0.05000 0.95000 1.00000 10.00000 4.00000 0.00000
0.05000 0.10000 0.95000 1.00000 10.00000 4.00000 0.00000
0.10000 0.15000 0.95000 1.00000 10.00000 4.00000 0.00000
0.15000 0.20000 0.95000 1.00000 10.00000 4.00000 0.00000
0.20000 0.25000 0.95000 1.00000 10.00000 4.00000 0.00000
0.00000 0.05000 1.00000 1.05000 10.00000 4.00000 0.00000
0.05000 0.10000 1.00000 1.05000 10.00000 4.00000 0.00000
0.10000 0.15000 1.00000 1.05000 10.00000 4.00000 0.00000
0.15000 0.20000 1.00000 1.05000 10.00000 4.00000 0.00000
0.20000 0.25000 1.00000 1.05000 10.00000 4.00000 0.00000
0.00000 0.05000 1.05000 1.10000 10.00000 4.00000 0.00000
0.05000 0.10000 1.05000 1.10000 10.00000 4.00000 0.00000
0.10000 0.15000 1.05000 1.10000 10.00000 4.00000 0.00000
0.15000 0.20000 1.05000 1.10000 10.00000 4.00000 0.00000
0.20000 0.25000 1.05000 1.10000 10.00000 4.00000 0.00000
0.00000 0.05000 1.10000 1.15000 10.00000 4.00000 0.00000
0.05000 0.10000 1.10000 1.15000 10.00000 4.00000 0.00000
0.10000 0.15000 1.10000 1.15000 10.00000 4.00000 0.00000
0.15000 0.20000 1.10000 1.15000 10.00000 4.00000 0.00000
0.20000 0.25000 0.85000 0.90000 10.00000 1.00000 0.00000
0.25000 0.30000 0.85000 0.90000 10.00000 1.00000 0.00000
0.05000 0.10000 0.90000 0.95000 10.00000 1.00000 1.00000
0.10000 0.15000 0.90000 0.95000 10.00000 1.00000 1.00000
0.15000 0.20000 0.90000 0.95000 10.00000 1.00000 1.00000
0.20000 0.25000 0.90000 0.95000 10.00000 1.00000 0.00000
0.25000 0.30000 0.90000 0.95000 10.00000 1.00000 0.00000
0.05000 0.10000 0.95000 1.00000 10.00000 1.00000 1.00000
0.10000 0.15000 0.95000 1.00000 10.00000 1.00000 1.00000
0.15000 0.20000 0.95000 1.00000 10.00000 1.00000 1.00000
0.20000 0.25000 0.95000 1.00000 10.00000 1.00000 1.00000
0.25000 0.30000 0.95000 1.00000 10.00000 1.00000 0.00000
0.05000 0.10000 1.00000 1.05000 10.00000 1.00000 1.00000
0.10000 0.15000 1.00000 1.05000 10.00000 1.00000 1.00000
0.15000 0.20000 1.00000 1.05000 10.00000 1.00000 1.00000
0.20000 0.25000 1.00000 1.05000 10.00000 1.00000 1.00000
0.25000 0.30000 1.00000 1.05000 10.00000 1.00000 0.00000
0.05000 0.10000 1.05000 1.10000 10.00000 1.00000 1.00000
0.10000 0.15000 1.05000 1.10000 10.00000 1.00000 1.00000
0.15000 0.20000 1.05000 1.10000 10.00000 1.00000 1.00000
0.20000 0.25000 1.05000 1.10000 10.00000 1.00000 1.00000
0.25000 0.30000 1.05000 1.10000 10.00000 1.00000 0.00000
0.10000 0.15000 1.10000 1.15000 10.00000 1.00000 1.00000
0.15000 0.20000 1.10000 1.15000 10.00000 1.00000 1.00000
0.20000 0.25000 1.10000 1.15000 10.00000 1.00000 1.00000
0.25000 0.30000 1.10000 1.15000 10.00000 1.00000 0.00000
0.20000 0.25000 0.85000 0.90000 10.00000 1.00000 0.00000
0.25000 0.30000 0.85000 0.90000 10.00000 1.00000 0.00000
0.05000 0.10000 0.90000 0.95000 10.00000 1.00000 0.00000
0.10000 0.15000 0.90000 0.95000 10.00000 1.00000 0.00000
0.15000 0.20000 0.90000 0.95000 10.00000 1.00000 0.00000
0.20000 0.25000 0.90000 0.95000 10.00000 1.00000 0.00000
0.25000 0.30000 0.90000 0.95000 10.00000 1.00000 0.00000
0.05000 0.10000 0.95000 1.00000 10.00000 1.00000 0.00000
0.10000 0.15000 0.95000 1.00000 10.00000 1.00000 0.00000
0.15000 0.20000 0.95000 1.00000 10.00000 1.00000 0.00000
0.20000 0.25000 0.95000 1.00000 10.00000 1.00000 0.00000
0.25000 0.30000 0.95000 1.00000 10.00000 1.00000 0.00000
0.05000 0.10000 1.00000 1.05000 10.00000 1.00000 0.00000
0.10000 0.15000 1.00000 1.05000 10.00000 1.00000 0.00000
0.15000 0.20000 1.00000 1.05000 10.00000 1.00000 0.00000
0.20000 0.25000 1.00000 1.05000 10.00000 1.00000 0.00000
0.25000 0.30000 1.00000 1.05000 10.00000 1.00000 0.00000
0.05000 0.10000 1.05000 1.10000 10.00000 1.00000 0.00000
0.10000 0.15000 1.05000 1.10000 10.00000 1.00000 0.00000
0.15000 0.20000 1.05000 1.10000 10.00000 1.00000 0.00000
0.20000 0.25000 1.05000 1.10000 10.00000 1.00000 0.00000
0.25000 0.30000 1.05000 1.10000 10.00000 1.00000 0.00000
0.10000 0.15000 1.10000 1.15000 10.00000 1.00000 0.00000
0.15000 0.20000 1.10000 1.15000 10.00000 1.00000 0.00000
0.20000 0.25000 1.10000 1.15000 10.00000 1.00000 0.00000
0.25000 0.30000 1.10000 1.15000 10.00000 1.00000 0.00000
0.00000 0.05000 0.85000 0.90000 10.00000 4.00000 0.00000
0.05000 0.10000 0.85000 0.90000 10.00000 4.00000 0.00000
0.00000 0.05000 0.90000 0.95000 10.00000 4.00000 0.00000
0.05000 0.10000 0.90000 0.95000 10.00000 4.00000 0.00000
0.10000 0.15000 0.90000 0.95000 10.00000 4.00000 0.00000
0.15000 0.20000 0.90000 0.95000 10.00000 4.00000 0.00000
0.20000 0.25000 0.90000 0.95000 10.00000 4.00000 0.00000
0.00000 0.05000 0.95000 1.00000 10.00000 4.00000 0.00000
0.05000 0.10000 0.95000 1.00000 10.00000 4.00000 0.00000
0.10000 0.15000 0.95000 1.00000 10.00000 4.00000 0.00000
0.15000 0.20000 0.95000 1.00000 10.00000 4.00000 0.00000
0.20000 0.25000 0.95000 1.00000 10.00000 4.00000 0.00000
0.00000 0.05000 1.00000 1.05000 10.00000 4.00000 0.00000
0.05000 0.10000 1.00000 1.05000 10.00000 4.00000 0.00000
0.10000 0.15000 1.00000 1.05000 10.00000 4.00000 0.00000
0.15000 0.20000 1.00000 1.05000 10.00000 4.00000 0.00000
0.20000 0.25000 1.00000 1.05000 10.00000 4.00000 0.00000
0.00000 0.05000 1.05000 1.10000 10.00000 4.00000 0.00000
0.05000 0.10000 1.05000 1.10000 10.00000 4.00000 0.00000
0.10000 0.15000 1.05000 1.10000 10.00000 4.00000 0.00000
0.15000 0.20000 1.05000 1.10000 10.00000 4.00000 0.00000
0.20000 0.25000 1.05000 1.10000 10.00000 4.00000 0.00000
0.00000 0.05000 1.10000 1.15000 10.00000 4.00000 0.00000
0.05000 0.10000 1.10000 1.15000 10.00000 4.00000 0.00000
0.10000 0.15000 1.10000 1.15000 10.00000 4.00000 0.00000
0.15000 0.20000 1.10000 1.15000 10.00000 4.00000 0.00000
0.00000 0.05000 0.85000 0.90000 20.00000 4.00000 0.00000
0.05000 0.10000 0.85000 0.90000 20.00000 4.00000 0.00000
0.00000 0.05000 0.90000 0.95000 20.00000 4.00000 0.00000
0.05000 0.10000 0.90000 0.95000 20.00000 4.00000 0.00000
0.10000 0.15000 0.90000 0.95000 20.00000 4.00000 0.00000
0.15000 0.20000 0.90000 0.95000 20.00000 4.00000 0.00000
0.20000 0.25000 0.90000 0.95000 20.00000 4.00000 0.00000
0.00000 0.05000 0.95000 1.00000 20.00000 4.00000 0.00000
0.05000 0.10000 0.95000 1.00000 20.00000 4.00000 0.00000
0.10000 0.15000 0.95000 1.00000 20.00000 4.00000 0.00000
0.15000 0.20000 0.95000 1.00000 20.00000 4.00000 0.00000
0.20000 0.25000 0.95000 1.00000 20.00000 4.00000 0.00000
0.00000 0.05000 1.00000 1.05000 20.00000 4.00000 0.00000
0.05000 0.10000 1.00000 1.05000 20.00000 4.00000 0.00000
0.10000 0.15000 1.00000 1.05000 20.00000 4.00000 0.00000
0.15000 0.20000 1.00000 1.05000 20.00000 4.00000 0.00000
0.20000 0.25000 1.00000 1.05000 20.00000 4.00000 0.00000
0.00000 0.05000 1.05000 1.10000 20.00000 4.00000 0.00000
0.05000 0.10000 1.05000 1.10000 20.00000 4.00000 0.00000
0.10000 0.15000 1.05000 1.10000 20.00000 4.00000 0.00000
0.15000 0.20000 1.05000 1.10000 20.00000 4.00000 0.00000
0.20000 0.25000 1.05000 1.10000 20.00000 4.00000 0.00000
0.00000 0.05000 1.10000 1.15000 20.00000 4.00000 0.00000
0.05000 0.10000 1.10000 1.15000 20.00000 4.00000 0.00000
0.10000 0.15000 1.10000 1.15000 20.00000 4.00000 0.00000
0.15000 0.20000 1.10000 1.15000 20.00000 4.00000 0.00000
0.20000 0.25000 0.85000 0.90000 20.00000 1.00000 0.00000
0.25000 0.30000 0.85000 0.90000 20.00000 1.00000 0.00000
0.05000 0.10000 0.90000 0.95000 20.00000 1.00000 0.00000
0.10000 0.15000 0.90000 0.95000 20.00000 1.00000 0.00000
0.15000 0.20000 0.90000 0.95000 20.00000 1.00000 0.00000
0.20000 0.25000 0.90000 0.95000 20.00000 1.00000 0.00000
0.25000 0.30000 0.90000 0.95000 20.00000 1.00000 0.00000
0.05000 0.10000 0.95000 1.00000 20.00000 1.00000 0.00000
0.10000 0.15000 0.95000 1.00000 20.00000 1.00000 0.00000
0.15000 0.20000 0.95000 1.00000 20.00000 1.00000 0.00000
0.20000 0.25000 0.95000 1.00000 20.00000 1.00000 0.00000
0.25000 0.30000 0.95000 1.00000 20.00000 1.00000 0.00000
0.05000 0.10000 1.00000 1.05000 20.00000 1.00000 0.00000
0.10000 0.15000 1.00000 1.05000 20.00000 1.00000 0.00000
0.15000 0.20000 1.00000 1.05000 20.00000 1.00000 0.00000
0.20000 0.25000 1.00000 1.05000 20.00000 1.00000 0.00000
0.25000 0.30000 1.00000 1.05000 20.00000 1.00000 0.00000
0.05000 0.10000 1.05000 1.10000 20.00000 1.00000 0.00000
0.10000 0.15000 1.05000 1.10000 20.00000 1.00000 0.00000
0.15000 0.20000 1.05000 1.10000 20.00000 1.00000 0.00000
0.20000 0.25000 1.05000 1.10000 20.00000 1.00000 0.00000
0.25000 0.30000 1.05000 1.10000 20.00000 1.00000 0.00000
0.10000 0.15000 1.10000 1.15000 20.00000 1.00000 0.00000
0.15000 0.20000 1.10000 1.15000 20.00000 1.00000 0.00000
0.20000 0.25000 1.10000 1.15000 20.00000 1.00000 0.00000
0.25000 0.30000 1.10000 1.15000 20.00000 1.00000 0.00000
0.00000 0.05000 0.85000 0.90000 30.00000 4.00000 1.00000
0.05000 0.10000 0.85000 0.90000 30.00000 4.00000 1.00000
0.00000 0.05000 0.90000 0.95000 30.00000 4.00000 1.00000
0.05000 0.10000 0.90000 0.95000 30.00000 4.00000 1.00000
0.10000 0.15000 0.90000 0.95000 30.00000 4.00000 0.00000
0.15000 0.20000 0.90000 0.95000 30.00000 4.00000 0.00000
0.20000 0.25000 0.90000 0.95000 30.00000 4.00000 0.00000
0.00000 0.05000 0.95000 1.00000 30.00000 4.00000 1.00000
0.05000 0.10000 0.95000 1.00000 30.00000 4.00000 0.00000
0.10000 0.15000 0.95000 1.00000 30.00000 4.00000 0.00000
0.15000 0.20000 0.95000 1.00000 30.00000 4.00000 0.00000
0.20000 0.25000 0.95000 1.00000 30.00000 4.00000 0.00000
0.00000 0.05000 1.00000 1.05000 30.00000 4.00000 1.00000
0.05000 0.10000 1.00000 1.05000 30.00000 4.00000 0.00000
0.10000 0.15000 1.00000 1.05000 30.00000 4.00000 0.00000
0.15000 0.20000 1.00000 1.05000 30.00000 4.00000 0.00000
0.20000 0.25000 1.00000 1.05000 30.00000 4.00000 0.00000
0.00000 0.05000 1.05000 1.10000 30.00000 4.00000 1.00000
0.05000 0.10000 1.05000 1.10000 30.00000 4.00000 0.00000
0.10000 0.15000 1.05000 1.10000 30.00000 4.00000 0.00000
0.15000 0.20000 1.05000 1.10000 30.00000 4.00000 0.00000
0.20000 0.25000 1.05000 1.10000 30.00000 4.00000 0.00000
0.00000 0.05000 1.10000 1.15000 30.00000 4.00000 1.00000
0.05000 0.10000 1.10000 1.15000 30.00000 4.00000 0.00000
0.10000 0.15000 1.10000 1.15000 30.00000 4.00000 0.00000
0.15000 0.20000 1.10000 1.15000 30.00000 4.00000 1.00000
0.20000 0.25000 0.85000 0.90000 30.00000 1.00000 0.00000
0.25000 0.30000 0.85000 0.90000 30.00000 1.00000 0.00000
0.05000 0.10000 0.90000 0.95000 30.00000 1.00000 0.00000
0.10000 0.15000 0.90000 0.95000 30.00000 1.00000 0.00000
0.15000 0.20000 0.90000 0.95000 30.00000 1.00000 0.00000
0.20000 0.25000 0.90000 0.95000 30.00000 1.00000 0.00000
0.25000 0.30000 0.90000 0.95000 30.00000 1.00000 0.00000
0.05000 0.10000 0.95000 1.00000 30.00000 1.00000 0.00000
0.10000 0.15000 0.95000 1.00000 30.00000 1.00000 0.00000
0.15000 0.20000 0.95000 1.00000 30.00000 1.00000 0.00000
0.20000 0.25000 0.95000 1.00000 30.00000 1.00000 0.00000
0.25000 0.30000 0.95000 1.00000 30.00000 1.00000 0.00000
0.05000 0.10000 1.00000 1.05000 30.00000 1.00000 0.00000
0.10000 0.15000 1.00000 1.05000 30.00000 1.00000 0.00000
0.15000 0.20000 1.00000 1.05000 30.00000 1.00000 0.00000
0.20000 0.25000 1.00000 1.05000 30.00000 1.00000 0.00000
0.25000 0.30000 1.00000 1.05000 30.00000 1.00000 0.00000
0.05000 0.10000 1.05000 1.10000 30.00000 1.00000 0.00000
0.10000 0.15000 1.05000 1.10000 30.00000 1.00000 0.00000
0.15000 0.20000 1.05000 1.10000 30.00000 1.00000 0.00000
0.20000 0.25000 1.05000 1.10000 30.00000 1.00000 0.00000
0.25000 0.30000 1.05000 1.10000 30.00000 1.00000 0.00000
0.10000 0.15000 1.10000 1.15000 30.00000 1.00000 0.00000
0.15000 0.20000 1.10000 1.15000 30.00000 1.00000 0.00000
0.20000 0.25000 1.10000 1.15000 30.00000 1.00000 0.00000
0.25000 0.30000 1.10000 1.15000 30.00000 1.00000 0.00000
0.20000 0.25000 0.85000 0.90000 30.00000 1.00000 0.00000
0.25000 0.30000 0.85000 0.90000 30.00000 1.00000 0.00000
0.05000 0.10000 0.90000 0.95000 30.00000 1.00000 0.00000
0.10000 0.15000 0.90000 0.95000 30.00000 1.00000 0.00000
0.15000 0.20000 0.90000 0.95000 30.00000 1.00000 0.00000
0.20000 0.25000 0.90000 0.95000 30.00000 1.00000 0.00000
0.25000 0.30000 0.90000 0.95000 30.00000 1.00000 0.00000
0.05000 0.10000 0.95000 1.00000 30.00000 1.00000 0.00000
0.10000 0.15000 0.95000 1.00000 30.00000 1.00000 0.00000
0.15000 0.20000 0.95000 1.00000 30.00000 1.00000 0.00000
0.20000 0.25000 0.95000 1.00000 30.00000 1.00000 0.00000
0.25000 0.30000 0.95000 1.00000 30.00000 1.00000 0.00000
0.05000 0.10000 1.00000 1.05000 30.00000 1.00000 0.00000
0.10000 0.15000 1.00000 1.05000 30.00000 1.00000 0.00000
0.15000 0.20000 1.00000 1.05000 30.00000 1.00000 0.00000
0.20000 0.25000 1.00000 1.05000 30.00000 1.00000 0.00000
0.25000 0.30000 1.00000 1.05000 30.00000 1.00000 0.00000
0.05000 0.10000 1.05000 1.10000 30.00000 1.00000 0.00000
0.10000 0.15000 1.05000 1.10000 30.00000 1.00000 0.00000
0.15000 0.20000 1.05000 1.10000 30.00000 1.00000 0.00000
0.20000 0.25000 1.05000 1.10000 30.00000 1.00000 0.00000
0.25000 0.30000 1.05000 1.10000 30.00000 1.00000 0.00000
0.10000 0.15000 1.10000 1.15000 30.00000 1.00000 0.00000
0.15000 0.20000 1.10000 1.15000 30.00000 1.00000 0.00000
0.20000 0.25000 1.10000 1.15000 30.00000 1.00000 0.00000
0.25000 0.30000 1.10000 1.15000 30.00000 1.00000 0.00000
0.20000 0.25000 0.85000 0.90000 45.00000 1.00000 0.00000
0.25000 0.30000 0.85000 0.90000 45.00000 1.00000 0.00000
0.05000 0.10000 0.90000 0.95000 45.00000 1.00000 0.00000
0.10000 0.15000 0.90000 0.95000 45.00000 1.00000 0.00000
0.15000 0.20000 0.90000 0.95000 45.00000 1.00000 0.00000
0.20000 0.25000 0.90000 0.95000 45.00000 1.00000 0.00000
0.25000 0.30000 0.90000 0.95000 45.00000 1.00000 0.00000
0.05000 0.10000 0.95000 1.00000 45.00000 1.00000 0.00000
0.10000 0.15000 0.95000 1.00000 45.00000 1.00000 0.00000
0.15000 0.20000 0.95000 1.00000 45.00000 1.00000 0.00000
0.20000 0.25000 0.95000 1.00000 45.00000 1.00000 0.00000
0.25000 0.30000 0.95000 1.00000 45.00000 1.00000 0.00000
0.05000 0.10000 1.00000 1.05000 45.00000 1.00000 0.00000
0.10000 0.15000 1.00000 1.05000 45.00000 1.00000 0.00000
0.15000 0.20000 1.00000 1.05000 45.00000 1.00000 0.00000
0.20000 0.25000 1.00000 1.05000 45.00000 1.00000 0.00000
0.25000 0.30000 1.00000 1.05000 45.00000 1.00000 0.00000
0.05000 0.10000 1.05000 1.10000 45.00000 1.00000 0.00000
0.10000 0.15000 1.05000 1.10000 45.00000 1.00000 0.00000
0.15000 0.20000 1.05000 1.10000 45.00000 1.00000 0.00000
0.20000 0.25000 1.05000 1.10000 45.00000 1.00000 0.00000
0.25000 0.30000 1.05000 1.10000 45.00000 1.00000 0.00000
0.10000 0.15000 1.10000 1.15000 45.00000 1.00000 0.00000
0.15000 0.20000 1.10000 1.15000 45.00000 1.00000 0.00000
0.20000 0.25000 1.10000 1.15000 45.00000 1.00000 0.00000
0.25000 0.30000 1.10000 1.15000 45.00000 1.00000 0.00000
0.20000 0.25000 0.85000 0.90000 45.00000 1.00000 0.00000
0.25000 0.30000 0.85000 0.90000 45.00000 1.00000 0.00000
0.05000 0.10000 0.90000 0.95000 45.00000 1.00000 0.00000
0.10000 0.15000 0.90000 0.95000 45.00000 1.00000 0.00000
0.15000 0.20000 0.90000 0.95000 45.00000 1.00000 0.00000
0.20000 0.25000 0.90000 0.95000 45.00000 1.00000 0.00000
0.25000 0.30000 0.90000 0.95000 45.00000 1.00000 0.00000
0.05000 0.10000 0.95000 1.00000 45.00000 1.00000 0.00000
0.10000 0.15000 0.95000 1.00000 45.00000 1.00000 0.00000
0.15000 0.20000 0.95000 1.00000 45.00000 1.00000 0.00000
0.20000 0.25000 0.95000 1.00000 45.00000 1.00000 0.00000
0.25000 0.30000 0.95000 1.00000 45.00000 1.00000 0.00000
0.05000 0.10000 1.00000 1.05000 45.00000 1.00000 0.00000
0.10000 0.15000 1.00000 1.05000 45.00000 1.00000 0.00000
0.15000 0.20000 1.00000 1.05000 45.00000 1.00000 0.00000
0.20000 0.25000 1.00000 1.05000 45.00000 1.00000 0.00000
0.25000 0.30000 1.00000 1.05000 45.00000 1.00000 0.00000
0.05000 0.10000 1.05000 1.10000 45.00000 1.00000 0.00000
0.10000 0.15000 1.05000 1.10000 45.00000 1.00000 0.00000
0.15000 0.20000 1.05000 1.10000 45.00000 1.00000 0.00000
0.20000 0.25000 1.05000 1.10000 45.00000 1.00000 0.00000
0.25000 0.30000 1.05000 1.10000 45.00000 1.00000 0.00000
0.10000 0.15000 1.10000 1.15000 45.00000 1.00000 0.00000
0.15000 0.20000 1.10000 1.15000 45.00000 1.00000 0.00000
0.20000 0.25000 1.10000 1.15000 45.00000 1.00000 0.00000
0.25000 0.30000 1.10000 1.15000 45.00000 1.00000 0.00000
