(
0.04000 5.19362
0.08000 5.28157
0.12000 5.38076
0.16000 5.48863
0.20000 5.60288
0.24000 5.72144
0.28000 5.84244
0.32000 5.96425
0.36000 6.08542
0.40000 6.20470
0.44000 6.32102
0.48000 6.43349
0.52000 6.54138
0.56000 6.64411
0.60000 6.74124
0.64000 6.83248
0.68000 6.91765
0.72000 6.99671
0.76000 7.06969
0.80000 7.13675
0.84000 7.19811
0.88000 7.25409
0.92000 7.30507
0.96000 7.35148
1.00000 7.39380
1.04000 7.43256
1.08000 7.46832
1.12000 7.50165
1.16000 7.53313
1.20000 7.56335
1.24000 7.59289
1.28000 7.62230
1.32000 7.65211
1.36000 7.68283
1.40000 7.71488
1.44000 7.74868
1.48000 7.78453
1.52000 7.82268
1.56000 7.86331
1.60000 7.90648
1.64000 7.95214
1.68000 8.00016
1.72000 8.05026
1.76000 8.10203
1.80000 8.15493
1.84000 8.20825
1.88000 8.26112
1.92000 8.31253
1.96000 8.36124
)
