(
0.04000 3.51409
0.08000 3.91486
0.12000 4.26791
0.16000 4.57834
0.20000 4.85088
0.24000 5.08989
0.28000 5.29940
0.32000 5.48310
0.36000 5.64437
0.40000 5.78629
0.44000 5.91166
0.48000 6.02296
0.52000 6.12246
0.56000 6.21214
0.60000 6.29377
0.64000 6.36888
0.68000 6.43879
0.72000 6.50463
0.76000 6.56735
0.80000 6.62770
0.84000 6.68632
0.88000 6.74366
0.92000 6.80007
0.96000 6.85577
1.00000 6.91087
1.04000 6.96540
1.08000 7.01930
1.12000 7.07245
1.16000 7.12470
1.20000 7.17581
1.24000 7.22557
1.28000 7.27373
1.32000 7.32004
1.36000 7.36428
1.40000 7.40623
1.44000 7.44574
1.48000 7.48271
1.52000 7.51709
1.56000 7.54893
1.60000 7.57835
1.64000 7.60561
1.68000 7.63107
1.72000 7.65522
1.76000 7.67870
1.80000 7.70233
1.84000 7.72708
1.88000 7.75412
1.92000 7.78480
1.96000 7.82070
)
