(
0.04000 1.83456
0.08000 2.54815
0.12000 3.15507
0.16000 3.66806
0.20000 4.09888
0.24000 4.45834
0.28000 4.75635
0.32000 5.00194
0.36000 5.20332
0.40000 5.36789
0.44000 5.50229
0.48000 5.61243
0.52000 5.70354
0.56000 5.78018
0.60000 5.84630
0.64000 5.90528
0.68000 5.95993
0.72000 6.01255
0.76000 6.06500
0.80000 6.11866
0.84000 6.17453
0.88000 6.23323
0.92000 6.29508
0.96000 6.36006
1.00000 6.42794
1.04000 6.49823
1.08000 6.57027
1.12000 6.64326
1.16000 6.71626
1.20000 6.78827
1.24000 6.85826
1.28000 6.92517
1.32000 6.98797
1.36000 7.04573
1.40000 7.09758
1.44000 7.14281
1.48000 7.18089
1.52000 7.21150
1.56000 7.23454
1.60000 7.25023
1.64000 7.25908
1.68000 7.26197
1.72000 7.26017
1.76000 7.25537
1.80000 7.24974
1.84000 7.24592
1.88000 7.24711
1.92000 7.25707
1.96000 7.28017
)
