(
0.04000 1.31544
0.08000 1.35822
0.12000 1.37719
0.16000 1.37657
0.20000 1.36014
0.24000 1.33132
0.28000 1.29315
0.32000 1.24831
0.36000 1.19913
0.40000 1.14766
0.44000 1.09563
0.48000 1.04446
0.52000 0.99535
0.56000 0.94922
0.60000 0.90679
0.64000 0.86853
0.68000 0.83475
0.72000 0.80558
0.76000 0.78097
0.80000 0.76074
0.84000 0.74460
0.88000 0.73215
0.92000 0.72289
0.96000 0.71626
1.00000 0.71166
1.04000 0.70843
1.08000 0.70592
1.12000 0.70347
1.16000 0.70044
1.20000 0.69623
1.24000 0.69030
1.28000 0.68217
1.32000 0.67146
1.36000 0.65791
1.40000 0.64136
1.44000 0.62182
1.48000 0.59946
1.52000 0.57461
1.56000 0.54781
1.60000 0.51982
1.64000 0.49164
1.68000 0.46450
1.72000 0.43992
1.76000 0.41969
1.80000 0.40591
1.84000 0.40103
1.88000 0.40779
1.92000 0.42932
1.96000 0.46914
)
