(
0.04000 0.48277
0.08000 0.55688
0.12000 0.61309
0.16000 0.65379
0.20000 0.68115
0.24000 0.69718
0.28000 0.70371
0.32000 0.70239
0.36000 0.69471
0.40000 0.68203
0.44000 0.66554
0.48000 0.64630
0.52000 0.62521
0.56000 0.60309
0.60000 0.58061
0.64000 0.55834
0.68000 0.53674
0.72000 0.51616
0.76000 0.49690
0.80000 0.47912
0.84000 0.46296
0.88000 0.44845
0.92000 0.43557
0.96000 0.42425
1.00000 0.41438
1.04000 0.40578
1.08000 0.39826
1.12000 0.39160
1.16000 0.38555
1.20000 0.37986
1.24000 0.37427
1.28000 0.36851
1.32000 0.36234
1.36000 0.35551
1.40000 0.34782
1.44000 0.33908
1.48000 0.32914
1.52000 0.31790
1.56000 0.30531
1.60000 0.29137
1.64000 0.27615
1.68000 0.25979
1.72000 0.24252
1.76000 0.22464
1.80000 0.20655
1.84000 0.18876
1.88000 0.17187
1.92000 0.15660
1.96000 0.14381
)
