(
0.04000 0.89911
0.08000 0.95755
0.12000 0.99514
0.16000 1.01518
0.20000 1.02065
0.24000 1.01425
0.28000 0.99843
0.32000 0.97535
0.36000 0.94692
0.40000 0.91485
0.44000 0.88058
0.48000 0.84538
0.52000 0.81028
0.56000 0.77616
0.60000 0.74370
0.64000 0.71344
0.68000 0.68575
0.72000 0.66087
0.76000 0.63893
0.80000 0.61993
0.84000 0.60378
0.88000 0.59030
0.92000 0.57923
0.96000 0.57026
1.00000 0.56302
1.04000 0.55711
1.08000 0.55209
1.12000 0.54753
1.16000 0.54300
1.20000 0.53805
1.24000 0.53228
1.28000 0.52534
1.32000 0.51690
1.36000 0.50671
1.40000 0.49459
1.44000 0.48045
1.48000 0.46430
1.52000 0.44625
1.56000 0.42656
1.60000 0.40560
1.64000 0.38389
1.68000 0.36214
1.72000 0.34122
1.76000 0.32216
1.80000 0.30623
1.84000 0.29489
1.88000 0.28983
1.92000 0.29296
1.96000 0.30647
)
