(
0.04000 -0.14420
0.08000 -0.18317
0.12000 -0.20828
0.16000 -0.22251
0.20000 -0.22842
0.24000 -0.22819
0.28000 -0.22365
0.32000 -0.21630
0.36000 -0.20738
0.40000 -0.19784
0.44000 -0.18843
0.48000 -0.17969
0.52000 -0.17199
0.56000 -0.16556
0.60000 -0.16048
0.64000 -0.15677
0.68000 -0.15433
0.72000 -0.15302
0.76000 -0.15263
0.80000 -0.15294
0.84000 -0.15371
0.88000 -0.15469
0.92000 -0.15563
0.96000 -0.15633
1.00000 -0.15657
1.04000 -0.15619
1.08000 -0.15508
1.12000 -0.15313
1.16000 -0.15031
1.20000 -0.14662
1.24000 -0.14209
1.28000 -0.13683
1.32000 -0.13095
1.36000 -0.12461
1.40000 -0.11799
1.44000 -0.11128
1.48000 -0.10471
1.52000 -0.09846
1.56000 -0.09273
1.60000 -0.08767
1.64000 -0.08339
1.68000 -0.07995
1.72000 -0.07731
1.76000 -0.07533
1.80000 -0.07376
1.84000 -0.07219
1.88000 -0.07003
1.92000 -0.06653
1.96000 -0.06067
)
