(
0.04000 -0.31423
0.08000 -0.34178
0.12000 -0.35349
0.16000 -0.35344
0.20000 -0.34506
0.24000 -0.33119
0.28000 -0.31415
0.32000 -0.29581
0.36000 -0.27759
0.40000 -0.26057
0.44000 -0.24550
0.48000 -0.23284
0.52000 -0.22283
0.56000 -0.21552
0.60000 -0.21079
0.64000 -0.20841
0.68000 -0.20803
0.72000 -0.20927
0.76000 -0.21168
0.80000 -0.21483
0.84000 -0.21827
0.88000 -0.22157
0.92000 -0.22438
0.96000 -0.22635
1.00000 -0.22722
1.04000 -0.22683
1.08000 -0.22504
1.12000 -0.22182
1.16000 -0.21724
1.20000 -0.21140
1.24000 -0.20450
1.28000 -0.19680
1.32000 -0.18861
1.36000 -0.18029
1.40000 -0.17219
1.44000 -0.16471
1.48000 -0.15820
1.52000 -0.15300
1.56000 -0.14935
1.60000 -0.14741
1.64000 -0.14724
1.68000 -0.14870
1.72000 -0.15146
1.76000 -0.15499
1.80000 -0.15842
1.84000 -0.16062
1.88000 -0.16004
1.92000 -0.15474
1.96000 -0.14228
)
