(
0.04000 0.02584
0.08000 -0.02457
0.12000 -0.06307
0.16000 -0.09157
0.20000 -0.11178
0.24000 -0.12519
0.28000 -0.13314
0.32000 -0.13680
0.36000 -0.13717
0.40000 -0.13511
0.44000 -0.13136
0.48000 -0.12654
0.52000 -0.12115
0.56000 -0.11559
0.60000 -0.11018
0.64000 -0.10514
0.68000 -0.10063
0.72000 -0.09677
0.76000 -0.09357
0.80000 -0.09105
0.84000 -0.08915
0.88000 -0.08780
0.92000 -0.08689
0.96000 -0.08631
1.00000 -0.08591
1.04000 -0.08556
1.08000 -0.08512
1.12000 -0.08443
1.16000 -0.08338
1.20000 -0.08183
1.24000 -0.07969
1.28000 -0.07686
1.32000 -0.07329
1.36000 -0.06894
1.40000 -0.06379
1.44000 -0.05786
1.48000 -0.05121
1.52000 -0.04392
1.56000 -0.03610
1.60000 -0.02792
1.64000 -0.01955
1.68000 -0.01121
1.72000 -0.00316
1.76000 0.00432
1.80000 0.01090
1.84000 0.01624
1.88000 0.01997
1.92000 0.02168
1.96000 0.02094
)
