(
0.04000 0.06394
0.08000 0.15849
0.12000 0.22702
0.16000 0.27468
0.20000 0.30588
0.24000 0.32439
0.28000 0.33341
0.32000 0.33560
0.36000 0.33314
0.40000 0.32778
0.44000 0.32090
0.48000 0.31356
0.52000 0.30650
0.56000 0.30025
0.60000 0.29510
0.64000 0.29119
0.68000 0.28850
0.72000 0.28692
0.76000 0.28626
0.80000 0.28625
0.84000 0.28661
0.88000 0.28705
0.92000 0.28728
0.96000 0.28702
1.00000 0.28606
1.04000 0.28420
1.08000 0.28130
1.12000 0.27731
1.16000 0.27219
1.20000 0.26601
1.24000 0.25887
1.28000 0.25093
1.32000 0.24241
1.36000 0.23356
1.40000 0.22464
1.44000 0.21594
1.48000 0.20774
1.52000 0.20028
1.56000 0.19375
1.60000 0.18828
1.64000 0.18389
1.68000 0.18045
1.72000 0.17769
1.76000 0.17511
1.80000 0.17199
1.84000 0.16733
1.88000 0.15979
1.92000 0.14767
1.96000 0.12887
)
