(
0.04000 0.85465
0.08000 0.80871
0.12000 0.75717
0.16000 0.70317
0.20000 0.64925
0.24000 0.59741
0.28000 0.54919
0.32000 0.50570
0.36000 0.46767
0.40000 0.43554
0.44000 0.40944
0.48000 0.38928
0.52000 0.37477
0.56000 0.36547
0.60000 0.36083
0.64000 0.36020
0.68000 0.36287
0.72000 0.36812
0.76000 0.37521
0.80000 0.38341
0.84000 0.39205
0.88000 0.40050
0.92000 0.40819
0.96000 0.41466
1.00000 0.41951
1.04000 0.42244
1.08000 0.42326
1.12000 0.42188
1.16000 0.41831
1.20000 0.41263
1.24000 0.40505
1.28000 0.39583
1.32000 0.38531
1.36000 0.37387
1.40000 0.36194
1.44000 0.34996
1.48000 0.33837
1.52000 0.32757
1.56000 0.31789
1.60000 0.30960
1.64000 0.30282
1.68000 0.29754
1.72000 0.29352
1.76000 0.29031
1.80000 0.28716
1.84000 0.28302
1.88000 0.27644
1.92000 0.26555
1.96000 0.24801
)
