(
0.04000 0.45929
0.08000 0.48360
0.12000 0.49210
0.16000 0.48893
0.20000 0.47756
0.24000 0.46090
0.28000 0.44130
0.32000 0.42065
0.36000 0.40041
0.40000 0.38166
0.44000 0.36517
0.48000 0.35142
0.52000 0.34063
0.56000 0.33286
0.60000 0.32796
0.64000 0.32569
0.68000 0.32569
0.72000 0.32752
0.76000 0.33073
0.80000 0.33483
0.84000 0.33933
0.88000 0.34377
0.92000 0.34774
0.96000 0.35084
1.00000 0.35278
1.04000 0.35332
1.08000 0.35228
1.12000 0.34960
1.16000 0.34525
1.20000 0.33932
1.24000 0.33196
1.28000 0.32338
1.32000 0.31386
1.36000 0.30371
1.40000 0.29329
1.44000 0.28295
1.48000 0.27305
1.52000 0.26392
1.56000 0.25582
1.60000 0.24894
1.64000 0.24336
1.68000 0.23899
1.72000 0.23560
1.76000 0.23271
1.80000 0.22958
1.84000 0.22517
1.88000 0.21811
1.92000 0.20661
1.96000 0.18844
)
