(
0.04000 0.61768
0.08000 0.63757
0.12000 0.63701
0.16000 0.62333
0.20000 0.60214
0.24000 0.57762
0.28000 0.55275
0.32000 0.52948
0.36000 0.50903
0.40000 0.49194
0.44000 0.47832
0.48000 0.46793
0.52000 0.46029
0.56000 0.45481
0.60000 0.45082
0.64000 0.44766
0.68000 0.44475
0.72000 0.44154
0.76000 0.43765
0.80000 0.43279
0.84000 0.42679
0.88000 0.41962
0.92000 0.41137
0.96000 0.40218
1.00000 0.39231
1.04000 0.38205
1.08000 0.37169
1.12000 0.36156
1.16000 0.35191
1.20000 0.34298
1.24000 0.33490
1.28000 0.32771
1.32000 0.32137
1.36000 0.31570
1.40000 0.31042
1.44000 0.30516
1.48000 0.29947
1.52000 0.29287
1.56000 0.28488
1.60000 0.27509
1.64000 0.26323
1.68000 0.24926
1.72000 0.23352
1.76000 0.21678
1.80000 0.20046
1.84000 0.18679
1.88000 0.17896
1.92000 0.18138
1.96000 0.19991
)
