(
0.04000 0.32232
0.08000 0.35611
0.12000 0.38281
0.16000 0.40296
0.20000 0.41718
0.24000 0.42619
0.28000 0.43072
0.32000 0.43150
0.36000 0.42926
0.40000 0.42468
0.44000 0.41835
0.48000 0.41083
0.52000 0.40259
0.56000 0.39400
0.60000 0.38537
0.64000 0.37692
0.68000 0.36878
0.72000 0.36104
0.76000 0.35369
0.80000 0.34669
0.84000 0.33996
0.88000 0.33337
0.92000 0.32679
0.96000 0.32007
1.00000 0.31307
1.04000 0.30567
1.08000 0.29777
1.12000 0.28930
1.16000 0.28024
1.20000 0.27062
1.24000 0.26051
1.28000 0.25004
1.32000 0.23940
1.36000 0.22879
1.40000 0.21847
1.44000 0.20871
1.48000 0.19980
1.52000 0.19198
1.56000 0.18546
1.60000 0.18038
1.64000 0.17674
1.68000 0.17439
1.72000 0.17296
1.76000 0.17181
1.80000 0.16997
1.84000 0.16606
1.88000 0.15821
1.92000 0.14397
1.96000 0.12022
)
