(
0.04000 0.91303
0.08000 0.91904
0.12000 0.89121
0.16000 0.84369
0.20000 0.78710
0.24000 0.72906
0.28000 0.67478
0.32000 0.62747
0.36000 0.58879
0.40000 0.55920
0.44000 0.53829
0.48000 0.52502
0.52000 0.51799
0.56000 0.51561
0.60000 0.51627
0.64000 0.51841
0.68000 0.52071
0.72000 0.52205
0.76000 0.52162
0.80000 0.51888
0.84000 0.51362
0.88000 0.50588
0.92000 0.49594
0.96000 0.48429
1.00000 0.47155
1.04000 0.45842
1.08000 0.44562
1.12000 0.43382
1.16000 0.42359
1.20000 0.41534
1.24000 0.40928
1.28000 0.40538
1.32000 0.40334
1.36000 0.40261
1.40000 0.40237
1.44000 0.40160
1.48000 0.39915
1.52000 0.39377
1.56000 0.38430
1.60000 0.36980
1.64000 0.34971
1.68000 0.32414
1.72000 0.29407
1.76000 0.26174
1.80000 0.23096
1.84000 0.20752
1.88000 0.19971
1.92000 0.21879
1.96000 0.27959
)
