(
0.04000 -0.02048
0.08000 0.03576
0.12000 0.09206
0.16000 0.14757
0.20000 0.20156
0.24000 0.25343
0.28000 0.30270
0.32000 0.34896
0.36000 0.39191
0.40000 0.43137
0.44000 0.46718
0.48000 0.49932
0.52000 0.52778
0.56000 0.55266
0.60000 0.57409
0.64000 0.59223
0.68000 0.60732
0.72000 0.61960
0.76000 0.62935
0.80000 0.63687
0.84000 0.64246
0.88000 0.64644
0.92000 0.64911
0.96000 0.65078
1.00000 0.65174
1.04000 0.65224
1.08000 0.65252
1.12000 0.65276
1.16000 0.65313
1.20000 0.65372
1.24000 0.65457
1.28000 0.65565
1.32000 0.65688
1.36000 0.65806
1.40000 0.65894
1.44000 0.65917
1.48000 0.65828
1.52000 0.65572
1.56000 0.65081
1.60000 0.64274
1.64000 0.63059
1.68000 0.61329
1.72000 0.58965
1.76000 0.55831
1.80000 0.51775
1.84000 0.46630
1.88000 0.40212
1.92000 0.32319
1.96000 0.22729
)
