(
0.04000 0.37496
0.08000 0.64680
0.12000 0.87774
0.16000 1.07182
0.20000 1.23280
0.24000 1.36420
0.28000 1.46932
0.32000 1.55118
0.36000 1.61263
0.40000 1.65626
0.44000 1.68447
0.48000 1.69946
0.52000 1.70325
0.56000 1.69765
0.60000 1.68432
0.64000 1.66476
0.68000 1.64028
0.72000 1.61207
0.76000 1.58117
0.80000 1.54849
0.84000 1.51483
0.88000 1.48084
0.92000 1.44710
0.96000 1.41408
1.00000 1.38215
1.04000 1.35160
1.08000 1.32267
1.12000 1.29552
1.16000 1.27025
1.20000 1.24691
1.24000 1.22553
1.28000 1.20609
1.32000 1.18856
1.36000 1.17290
1.40000 1.15905
1.44000 1.14696
1.48000 1.13660
1.52000 1.12794
1.56000 1.12101
1.60000 1.11584
1.64000 1.11254
1.68000 1.11126
1.72000 1.11220
1.76000 1.11565
1.80000 1.12197
1.84000 1.13160
1.88000 1.14510
1.92000 1.16312
1.96000 1.18641
)
