(
0.04000 0.17724
0.08000 0.34128
0.12000 0.48490
0.16000 0.60969
0.20000 0.71718
0.24000 0.80882
0.28000 0.88601
0.32000 0.95007
0.36000 1.00227
0.40000 1.04381
0.44000 1.07583
0.48000 1.09939
0.52000 1.11552
0.56000 1.12516
0.60000 1.12921
0.64000 1.12849
0.68000 1.12380
0.72000 1.11583
0.76000 1.10526
0.80000 1.09268
0.84000 1.07864
0.88000 1.06364
0.92000 1.04811
0.96000 1.03243
1.00000 1.01694
1.04000 1.00192
1.08000 0.98760
1.12000 0.97414
1.16000 0.96169
1.20000 0.95032
1.24000 0.94005
1.28000 0.93087
1.32000 0.92272
1.36000 0.91548
1.40000 0.90900
1.44000 0.90306
1.48000 0.89744
1.52000 0.89183
1.56000 0.88591
1.60000 0.87929
1.64000 0.87157
1.68000 0.86228
1.72000 0.85093
1.76000 0.83698
1.80000 0.81986
1.84000 0.79895
1.88000 0.77361
1.92000 0.74315
1.96000 0.70685
)
