(
0.04000 0.02523
0.08000 0.03144
0.12000 0.03876
0.16000 0.04696
0.20000 0.05583
0.24000 0.06519
0.28000 0.07486
0.32000 0.08470
0.36000 0.09457
0.40000 0.10434
0.44000 0.11392
0.48000 0.12319
0.52000 0.13209
0.56000 0.14056
0.60000 0.14852
0.64000 0.15596
0.68000 0.16282
0.72000 0.16909
0.76000 0.17476
0.80000 0.17983
0.84000 0.18431
0.88000 0.18821
0.92000 0.19154
0.96000 0.19435
1.00000 0.19667
1.04000 0.19853
1.08000 0.19998
1.12000 0.20108
1.16000 0.20187
1.20000 0.20242
1.24000 0.20278
1.28000 0.20302
1.32000 0.20320
1.36000 0.20337
1.40000 0.20362
1.44000 0.20398
1.48000 0.20454
1.52000 0.20535
1.56000 0.20647
1.60000 0.20795
1.64000 0.20984
1.68000 0.21219
1.72000 0.21505
1.76000 0.21845
1.80000 0.22241
1.84000 0.22697
1.88000 0.23214
1.92000 0.23793
1.96000 0.24434
)
