(
0.04000 0.03111
0.08000 0.04138
0.12000 0.05278
0.16000 0.06505
0.20000 0.07796
0.24000 0.09131
0.28000 0.10491
0.32000 0.11858
0.36000 0.13217
0.40000 0.14556
0.44000 0.15861
0.48000 0.17124
0.52000 0.18335
0.56000 0.19488
0.60000 0.20576
0.64000 0.21595
0.68000 0.22542
0.72000 0.23414
0.76000 0.24212
0.80000 0.24934
0.84000 0.25581
0.88000 0.26156
0.92000 0.26661
0.96000 0.27098
1.00000 0.27473
1.04000 0.27790
1.08000 0.28053
1.12000 0.28268
1.16000 0.28440
1.20000 0.28576
1.24000 0.28682
1.28000 0.28764
1.32000 0.28828
1.36000 0.28880
1.40000 0.28927
1.44000 0.28975
1.48000 0.29029
1.52000 0.29095
1.56000 0.29177
1.60000 0.29281
1.64000 0.29410
1.68000 0.29568
1.72000 0.29757
1.76000 0.29978
1.80000 0.30234
1.84000 0.30524
1.88000 0.30846
1.92000 0.31200
1.96000 0.31582
)
