(
0.04000 0.03699
0.08000 0.05132
0.12000 0.06680
0.16000 0.08314
0.20000 0.10010
0.24000 0.11744
0.28000 0.13495
0.32000 0.15245
0.36000 0.16977
0.40000 0.18677
0.44000 0.20331
0.48000 0.21929
0.52000 0.23461
0.56000 0.24920
0.60000 0.26299
0.64000 0.27595
0.68000 0.28802
0.72000 0.29920
0.76000 0.30947
0.80000 0.31884
0.84000 0.32731
0.88000 0.33491
0.92000 0.34167
0.96000 0.34762
1.00000 0.35280
1.04000 0.35727
1.08000 0.36108
1.12000 0.36428
1.16000 0.36693
1.20000 0.36910
1.24000 0.37086
1.28000 0.37225
1.32000 0.37335
1.36000 0.37423
1.40000 0.37493
1.44000 0.37551
1.48000 0.37603
1.52000 0.37654
1.56000 0.37708
1.60000 0.37768
1.64000 0.37837
1.68000 0.37917
1.72000 0.38009
1.76000 0.38112
1.80000 0.38227
1.84000 0.38351
1.88000 0.38479
1.92000 0.38607
1.96000 0.38729
)
