(
0.04000 0.22188
0.08000 0.24193
0.12000 0.25981
0.16000 0.27581
0.20000 0.29020
0.24000 0.30322
0.28000 0.31508
0.32000 0.32596
0.36000 0.33601
0.40000 0.34537
0.44000 0.35414
0.48000 0.36242
0.52000 0.37028
0.56000 0.37776
0.60000 0.38491
0.64000 0.39175
0.68000 0.39828
0.72000 0.40450
0.76000 0.41040
0.80000 0.41596
0.84000 0.42115
0.88000 0.42593
0.92000 0.43027
0.96000 0.43413
1.00000 0.43746
1.04000 0.44024
1.08000 0.44241
1.12000 0.44395
1.16000 0.44483
1.20000 0.44503
1.24000 0.44452
1.28000 0.44332
1.32000 0.44143
1.36000 0.43887
1.40000 0.43568
1.44000 0.43190
1.48000 0.42761
1.52000 0.42291
1.56000 0.41789
1.60000 0.41269
1.64000 0.40746
1.68000 0.40240
1.72000 0.39770
1.76000 0.39360
1.80000 0.39037
1.84000 0.38830
1.88000 0.38774
1.92000 0.38903
1.96000 0.39259
)
