(
0.04000 0.01322
0.08000 0.03928
0.12000 0.06453
0.16000 0.08871
0.20000 0.11161
0.24000 0.13306
0.28000 0.15291
0.32000 0.17106
0.36000 0.18745
0.40000 0.20202
0.44000 0.21478
0.48000 0.22573
0.52000 0.23491
0.56000 0.24238
0.60000 0.24822
0.64000 0.25252
0.68000 0.25540
0.72000 0.25698
0.76000 0.25739
0.80000 0.25677
0.84000 0.25527
0.88000 0.25304
0.92000 0.25023
0.96000 0.24700
1.00000 0.24349
1.04000 0.23985
1.08000 0.23620
1.12000 0.23268
1.16000 0.22940
1.20000 0.22646
1.24000 0.22394
1.28000 0.22190
1.32000 0.22040
1.36000 0.21944
1.40000 0.21902
1.44000 0.21911
1.48000 0.21964
1.52000 0.22053
1.56000 0.22164
1.60000 0.22280
1.64000 0.22380
1.68000 0.22441
1.72000 0.22434
1.76000 0.22324
1.80000 0.22073
1.84000 0.21639
1.88000 0.20972
1.92000 0.20019
1.96000 0.18719
)
