(
0.04000 0.11755
0.08000 0.14060
0.12000 0.16217
0.16000 0.18226
0.20000 0.20091
0.24000 0.21814
0.28000 0.23400
0.32000 0.24851
0.36000 0.26173
0.40000 0.27370
0.44000 0.28446
0.48000 0.29407
0.52000 0.30259
0.56000 0.31007
0.60000 0.31657
0.64000 0.32214
0.68000 0.32684
0.72000 0.33074
0.76000 0.33389
0.80000 0.33636
0.84000 0.33821
0.88000 0.33949
0.92000 0.34025
0.96000 0.34057
1.00000 0.34048
1.04000 0.34004
1.08000 0.33931
1.12000 0.33832
1.16000 0.33712
1.20000 0.33574
1.24000 0.33423
1.28000 0.33261
1.32000 0.33091
1.36000 0.32915
1.40000 0.32735
1.44000 0.32550
1.48000 0.32363
1.52000 0.32172
1.56000 0.31976
1.60000 0.31774
1.64000 0.31563
1.68000 0.31341
1.72000 0.31102
1.76000 0.30842
1.80000 0.30555
1.84000 0.30234
1.88000 0.29873
1.92000 0.29461
1.96000 0.28989
)
